385
Feature_ID,AspectRatios_0,AspectRatios_1,AvgQuats_0,AvgQuats_1,AvgQuats_2,AvgQuats_3,AxisEulerAngles_0,AxisEulerAngles_1,AxisEulerAngles_2,AxisLengths_0,AxisLengths_1,AxisLengths_2,Centroids_0,Centroids_1,Centroids_2,EulerAngles_0,EulerAngles_1,EulerAngles_2,NumCells,NumNeighbors,Omega3s,Phases,SurfaceFeatures,SurfaceFeatures_2,Volumes,Volumes_2
1,0.77448112,0.68587238,-0.2244775,-0.78093463,-0.18826084,0.55164194,4.6847348,0.41994756,4.2847342,23.209339,17.975195,15.918645,95.04129,61.75,106.13837,1.6197751,1.8970516,5.3211699,0,14,0.66952759,1,0,0,25673.482,25673.482
2,0.088987872,0.07945589,-0.31793654,-0.58590603,-0.31483027,0.67565697,3.1347795,2.0534165,6.270678,139.72861,12.434153,11.102262,164.50517,70.709808,22.116999,1.5096688,1.4593046,5.6456127,0,12,0.0054259771,1,1,1,28464.08,28464.08
3,0.12962081,0.1236546,-0.081557475,0.44170675,0.34047771,0.82602572,3.1784637,0.52968049,3.1652644,118.80423,15.399499,14.690689,45.666264,44.517429,160.64581,4.5040054,0.93167919,0.99724227,0,19,0.014085776,1,1,1,47998.25,47998.25
4,0.87065119,0.60007817,-0.2244775,-0.78093463,-0.18826084,0.55164194,1.2095343,1.694065,0.24927342,21.945499,19.106876,13.169016,61.533333,154.26665,124.15002,4.7040238,1.609265,4.114675,0,12,0.64813775,1,0,0,21208.529,21208.529
5,0.10055152,0.095633984,-0.15066418,-0.72394878,-0.20255646,0.64200419,4.6854663,0.73155946,0.0018951871,128.50983,12.921857,12.289907,48.076778,181.57434,45.136314,1.6712321,1.6645366,5.223196,0,12,0.0065325531,1,1,1,31254.676,31254.676
6,0.5420621,0.41693994,-0.4262642,0.53499109,0.45577192,0.56952202,0.90478009,1.684402,4.6659575,28.064678,15.212799,11.701285,173.37044,107.97426,213.5961,4.7102504,1.5065855,0.22312282,0,10,0.7087909,1,1,1,19534.172,19534.172
7,0.93422407,0.69561189,-0.78902304,-0.08860755,-0.60263878,0.08011128,0.49214295,1.0781115,4.6336484,23.880993,22.310198,16.611902,43.388351,175.77515,225.43642,1.5504688,1.8346652,1.3268052,0,13,0.76739424,1,1,1,35161.508,35161.508
8,0.82789004,0.62289375,0,0,0,1,2.5179336,1.8043826,4.7607551,21.480536,17.783524,13.380092,135.96761,142.0838,155.25711,4.8665252,1.3371304,0.7159856,0,9,0.63229829,1,0,0,19534.172,19534.172
9,0.14474316,0.11301098,-0.32378149,0.42748135,0.70563579,0.46314505,0.0083343415,0.40432,0.022411147,160.18578,23.185795,18.102753,132.047,167.17586,160.1579,4.3706508,1.1319996,6.2157817,0,24,0.012483473,1,1,1,117205.03,117205.03
10,0.8945567,0.7342391,0,0,0,1,3.3668973,1.5814764,5.043097,18.656067,16.68891,13.698013,126.24442,27.170004,203.36325,1.7526531,1.6242557,3.2669663,0,10,0.72321892,1,0,0,16743.576,16743.576
11,0.79530257,0.67910075,0,0,0,1,3.4401505,0.60594684,0.016317215,26.090643,20.749954,17.718176,136.45543,185.6132,102.19016,1.3479838,1.5266404,2.1755631,0,16,0.75185084,1,0,0,37952.105,37952.105
12,0.77631146,0.66812366,0,0,0,1,3.2433162,2.1133728,4.2381825,16.754471,13.006689,11.194059,39.229412,35.839211,106.549,4.5154405,1.9765241,2.0510592,0,8,0.69025713,1,0,0,9488.0264,9488.0264
13,0.61171854,0.11744802,0.14388102,0.64218903,-0.39883745,0.63860798,1.5868304,1.6079443,4.7994738,103.33418,63.21143,12.136395,21.077326,31.615984,130.41597,5.050251,1.4366111,2.3494742,0,11,0.000134136,1,1,1,55811.922,55811.922
14,0.83918625,0.70890087,0,0,0,1,0.49326706,0.21771765,0.085953772,23.244221,19.506231,16.477848,207.89159,72.199997,107.82495,4.7099614,0.98360533,5.4846659,0,13,0.6859054,1,0,0,29022.199,29022.199
15,0.87921965,0.80669749,-0.2244775,-0.78093463,-0.18826084,0.55164194,3.908365,0.96423376,0.53428447,17.457798,15.349239,14.083161,189.36668,89.651855,57.633331,4.4569983,1.3865936,4.3998194,0,11,0.78727794,1,0,0,15069.219,15069.219
16,0.83199465,0.61396903,-0.021423163,0.81616515,0.0088173775,0.57735401,0.90239346,1.6212465,6.0061688,26.143105,21.750923,16.051058,179.86667,19.253336,157.06665,4.7233605,1.9104592,1.5292828,0,14,0.76924735,1,1,1,36277.75,36277.75
17,0.80408758,0.68345237,-0.2244775,-0.78093463,-0.18826084,0.55164194,0.69459814,0.32057753,4.4070005,22.935419,18.442085,15.675267,45.370918,127.87943,115.44182,4.4773088,1.3711289,0.29047325,0,14,0.75166208,1,0,0,26231.602,26231.602
18,0.76092631,0.45659301,-0.2244775,-0.78093463,-0.18826084,0.55164194,0.83892697,1.4932045,6.1185169,16.185469,12.315948,7.390172,125.96999,97.976654,219.00667,5.0862679,1.5179518,5.0008755,0,6,0.60527593,1,0,0,5581.1919,5581.1919
19,0.68880337,0.5015865,0,0,0,1,1.3852403,2.1421425,4.3284745,20.437206,14.077217,10.251027,57.633324,75.276184,141.14285,1.7801512,1.365545,2.5476997,0,9,0.76870495,1,0,0,11720.503,11720.503
20,0.90012747,0.73385119,0.65312117,0.0060023284,0.68859959,0.31500372,5.9063959,0.62836123,5.7172737,28.338799,25.508532,20.796461,177.51683,69.329323,182.13354,2.009023,1.4234705,1.990643,0,16,0.7670595,1,0,0,59718.754,59718.754
21,0.89617872,0.74946523,0,0,0,1,0.15914446,0.86539441,5.9155755,17.82329,15.972853,13.357936,137.11664,123.81666,175.43332,4.360868,1.6060365,6.2179217,0,8,0.62735015,1,0,0,14511.1,14511.1
22,0.76855946,0.65254837,0.45469031,0.50058943,-0.55584258,0.4834314,3.097158,1.1780944,3.8376555,34.710392,26.677002,22.650211,186.32146,17.256151,40.26437,4.8299623,1.4853586,3.1631441,0,13,0.68645495,1,1,1,81485.406,81485.406
23,0.84048486,0.74938589,0,0,0,1,2.6274953,2.2749374,5.1704679,17.355385,14.586937,13.00588,122.37725,220.80299,73.351509,1.7826079,1.4841545,6.2071137,0,10,0.55926132,1,0,0,12278.622,12278.622
24,0.83789206,0.76874846,0.63566977,0.56153572,-0.48244792,0.21873634,1.3141958,1.531939,0.31809959,32.443661,27.184286,24.941015,112.31507,122.10184,19.470024,5.0102754,2.0250556,3.5631664,0,15,0.82864386,1,1,1,88740.953,88740.953
25,0.91633576,0.066171646,-0.47912225,0.48375207,0.62500435,0.3818315,3.1281636,1.5691469,5.5417647,93.340843,85.531555,6.1765175,124.62269,223.79688,114.70529,4.4705973,1.4978802,6.0510101,0,7,2.3754525e-05,1,1,1,24557.244,24557.244
26,0.10047271,0.064258687,0.5909813,-0.59098828,0.42991543,0.34153575,1.590578,0.6194737,3.141793,146.41371,14.710583,9.4083519,140.80684,135.4299,176.42851,1.4567246,1.979099,3.0275328,0,14,0.0034717335,1,1,1,27347.842,27347.842
27,0.88322598,0.82694113,0.55506325,-0.32212284,0.7622636,0.084236979,3.1699915,0.68127209,3.4773872,27.386999,24.18891,22.647436,208.88269,42.538868,14.789508,1.1550241,1.393587,2.2066934,0,9,0.81172997,1,1,1,60276.875,60276.875
28,0.72014642,0.68950975,0.084408693,0.65528363,-0.20402946,0.7223922,3.0771086,2.0573277,0.14630137,28.220234,20.322701,19.458126,87.440102,138.40343,136.73596,4.9544544,1.6984597,2.2328594,0,15,0.74664152,1,0,0,44091.418,44091.418
29,0.12167203,0.10021997,0.20063543,0.63352907,-0.049535882,0.74560875,3.539356,1.5449103,4.7229052,114.68816,13.954341,11.494044,206.12213,135.63336,197.59995,4.4720263,1.4537568,1.9438376,0,14,0.011996712,1,1,1,31812.795,31812.795
30,0.086414151,0.082394756,-0.30510905,0.75269663,0.160688,0.56083471,1.6054363,1.8575412,6.2658091,156.44897,13.519405,12.890574,145.95459,126.28006,72.710014,4.8184624,1.895774,0.90664202,0,19,0.0075445385,1,1,1,42975.18,42975.18
31,1,1,0,0,0,1,nan,nan,nan,4.8992314,4.8992314,4.8992314,41.166664,123.49999,172.89998,4.4433913,1.8583752,4.5434785,0,1,1,1,0,0,558.1192,558.1192
32,0.77418232,0.41524726,-0.2244775,-0.78093463,-0.18826084,0.55164194,2.648694,1.6874576,6.2659283,21.238953,16.442822,8.819417,56.849197,92.526985,188.97462,4.3238378,1.600072,0.76035762,0,8,0.61878812,1,0,0,11720.503,11720.503
33,0.5158633,0.12255076,0.43194059,-0.58875585,0.57276982,0.37246278,3.1275554,1.597481,4.7269473,116.74798,60.225994,14.307553,201.843,90.314018,141.63367,1.2095289,1.6372576,3.0852125,0,24,0.00046896047,1,1,1,90973.43,90973.43
34,0.86092162,0.63577038,0.85233557,-0.24648914,0.46024254,0.030725552,2.7032828,1.6222481,5.6999407,32.502502,27.982107,20.664127,122.09586,156.62486,37.528671,1.3559444,2.1827474,1.9189694,0,23,0.63983637,1,1,1,71997.375,71997.375
35,0.15439644,0.10641206,0.48211917,-0.56297421,0.56478894,0.36281481,3.1342525,1.958775,6.274704,161.27986,24.901037,17.162123,125.90613,60.490551,79.438461,1.2791924,1.6697154,3.0044138,0,27,0.01360095,1,1,1,122228.1,122228.1
36,0.10634045,0.064989567,0.45547387,-0.48497754,0.47948834,0.57221615,1.5399755,1.5655978,4.7209845,144.13463,15.32734,9.3672476,21.02128,111.93828,125.95246,1.6273766,1.4558628,3.260896,0,10,0.0025377306,1,1,1,26231.602,26231.602
37,0.95417994,0.71449834,-0.2244775,-0.78093463,-0.18826084,0.55164194,1.1909299,2.0506825,5.9930573,26.638113,25.417553,19.032888,42.433327,74.552414,158.78578,4.2306027,1.4122499,4.1015892,0,16,0.73737645,1,0,0,50788.848,50788.848
38,0.96080822,0.71877319,-0.2244775,-0.78093463,-0.18826084,0.55164194,1.4692127,1.8433312,6.0106497,18.721727,17.987989,13.456676,155.37094,190.96024,209.5515,4.7274656,1.2954364,1.620207,0,10,0.62902558,1,0,0,17301.695,17301.695
39,0.90474361,0.087344073,0.41561115,0.43786117,-0.58746809,0.53891194,3.1444807,1.5520881,5.565855,97.545059,88.253265,8.5199823,126.65796,126.20684,138.95155,4.7815347,1.2962712,3.1586101,0,12,4.1014002e-05,1,1,1,40742.703,40742.703
40,0.86296099,0.69801629,0.085659675,-0.50038087,0.13894752,0.85027939,1.6061258,1.2590584,0.22189407,24.471657,21.118086,17.081615,197.59987,33.456078,97.623795,1.5808594,1.94946,5.5499735,0,16,0.77742797,1,0,0,35161.508,35161.508
41,0.907637,0.7830047,0.42156932,0.47333857,-0.46373731,0.61901343,0.98809016,1.6351776,5.0265784,19.286457,17.505102,15.101387,141.11018,9.3768511,209.72116,4.6277356,1.3730502,2.9413707,0,9,0.73711383,1,1,1,20092.291,20092.291
42,0.96063304,0.75983965,0.52747118,-0.49848878,0.40629596,0.55516368,3.301924,1.8953923,5.0140495,23.914404,22.972965,18.171112,208.15244,75.607544,140.4306,4.8117781,1.5618894,4.4150648,0,11,0.76417506,1,0,0,39626.465,39626.465
43,0.79624641,0.68841428,-0.50920814,0.459701,0.45581874,0.56710792,1.2478603,2.0244079,4.7610126,24.775539,19.727434,17.055836,227.41025,138.97302,42.160347,4.871809,1.5119984,0.057317097,0,10,0.68469632,1,1,1,32370.914,32370.914
44,0.93148434,0.82410091,0.25147665,0.48355085,-0.23612584,0.80447662,3.6041973,0.90068144,4.7820349,28.794657,26.821774,23.729704,154.27704,42.408169,157.74034,4.9083414,1.699945,4.3458076,0,18,0.64503884,1,0,0,70323.016,70323.016
45,0.21471857,0.15797567,0.21605296,0.49053776,-0.062564597,0.84189039,6.2406282,0.21121003,6.2598052,78.728157,16.904396,12.437133,218.48819,83.400635,185.09747,4.3716908,1.1314062,2.0598507,0,11,0.015520672,1,1,1,30138.438,30138.438
46,0.13069676,0.1076925,-0.28891644,0.51528102,0.20792688,0.77960187,1.5775602,0.89057451,0.012625589,154.76996,20.227934,16.667564,21.731503,107.87345,77.124504,4.9627657,1.2639797,0.79913568,0,19,0.0074512116,1,1,1,82043.523,82043.523
47,0.95579487,0.65332043,0.22979003,-0.77155703,0.36792889,0.46532211,1.8969404,1.5082053,4.9315071,21.994625,21.02235,14.369538,218.27473,213.88364,197.23412,4.6855898,1.5770158,5.2823281,0,11,0.59848183,1,0,0,25115.363,25115.363
48,0.86025095,0.65277439,0.6208607,-0.13438755,0.73655039,0.23230468,2.2533755,2.2854035,5.7533197,24.482016,21.060678,15.981233,11.303391,130.89607,62.098888,1.6631517,1.3766347,2.0894821,0,11,0.7903198,1,1,1,32929.031,32929.031
49,0.93066835,0.87806916,-0.5515542,0.47689041,0.33846834,0.59481317,4.2066493,1.1949133,5.9209523,26.513348,24.675135,23.280554,221.9951,47.036701,223.67229,5.0529203,1.6341116,0.19558829,0,11,0.7528761,1,1,1,60276.875,60276.875
50,0.88735127,0.77387732,0,0,0,1,1.2876943,1.6314774,0.74165499,21.571205,19.141235,16.693464,24.868025,21.507486,139.29456,4.8633943,1.8362617,3.5025876,0,13,0.76246148,1,0,0,27347.842,27347.842
51,0.77169013,0.23702283,-0.2244775,-0.78093463,-0.18826084,0.55164194,3.1415925,1.5707964,0.46364778,19.398373,14.969533,4.5978575,125.14665,41.16666,205.00998,4.7918868,1.5216248,3.3543153,0,8,0.98979789,1,0,0,5581.1919,5581.1919
52,0.86478782,0.82766902,-0.66729045,0.23588538,-0.6992498,0.1006542,2.8160408,1.6717154,5.6273241,32.911125,28.461142,27.239519,19.658226,217.25827,34.320972,1.0880452,1.5726333,1.7676194,0,14,0.69393587,1,1,1,99345.219,99345.219
53,0.86944747,0.71339381,0.041476741,0.73743773,-0.38559502,0.55297536,3.6192482,1.5456711,6.1149802,24.156061,21.002426,17.232784,222.69827,210.61386,100.52631,5.2651219,1.6619922,2.2358997,0,16,0.75317371,1,1,1,34603.391,34603.391
54,0.77940702,0.68131566,0,0,0,1,4.7164149,0.3000949,4.544929,20.840361,16.243122,14.198863,40.168682,187.12123,18.213135,4.3764291,1.3387687,0.80410594,0,9,0.64064848,1,0,0,18417.934,18417.934
55,0.91123676,0.75167692,0,0,0,1,3.2008858,1.3882657,6.1066885,29.536285,26.914549,22.201744,166.99062,26.891115,199.06071,1.4353265,2.0336516,3.9207354,0,22,0.71886939,1,0,0,69206.781,69206.781
56,0.94430012,0.6342392,0.38100433,0.59617519,-0.36558279,0.60478097,0.45613804,1.0871453,5.5970244,27.108973,25.599005,17.193571,191.13087,223.37814,189.17046,4.6874409,1.5719748,2.6831703,0,15,0.72623485,1,1,1,46882.012,46882.012
57,0.70500487,0.63893974,0,0,0,1,3.4494064,2.0174367,6.0225592,23.847141,16.812351,15.236887,190.16994,122.89755,104.62354,5.0219483,1.1326398,0.22787412,0,12,0.57188135,1,0,0,22882.887,22882.887
58,0.87653846,0.76656842,0.11008627,0.63698286,0.07080777,0.75968421,5.9947453,0.30651307,4.5861506,25.271921,22.151812,19.372658,147.43159,214.50565,154.56712,4.4483166,1.4057808,1.6489921,0,15,0.66422409,1,1,1,41858.941,41858.941
59,0.76111948,0.66403961,0,0,0,1,3.057471,1.712003,5.6637788,20.319899,15.465872,13.493218,45.008884,158.35443,38.971119,5.1972032,1.5996944,2.7903304,0,9,0.74428701,1,0,0,16743.576,16743.576
60,0.17304431,0.13710843,0.77518266,-0.17125428,0.60791421,0.014289634,3.1676235,1.9507413,6.2575698,105.74385,18.29837,14.498374,35.359985,156.78012,112.4933,1.3768692,1.8343077,1.8117268,0,13,0.018701468,1,1,1,53021.324,53021.324
61,0.82601506,0.65498334,-0.2244775,-0.78093463,-0.18826084,0.55164194,1.2038167,1.5069587,5.1401825,23.796783,19.656502,15.586496,55.416649,128.72501,78.374977,1.4515147,1.4527882,0.1867228,0,11,0.7750749,1,0,0,29022.199,29022.199
62,0.83485913,0.62822348,0.69014746,0.13871944,-0.70677334,0.070176892,3.3687565,1.7720519,5.1222262,21.408821,17.87335,13.449524,38.19352,74.557411,23.556486,5.0915766,1.5457684,2.9141085,0,11,0.70335734,1,0,0,20092.291,20092.291
63,0.87900203,0.84106213,-0.29176667,-0.72501808,9.380265e-05,0.62387574,2.0182281,1.9473441,5.0112524,20.944883,18.410595,17.615948,121.0986,43.39653,110.1208,1.1880493,1.7942083,5.0948353,0,11,0.73984212,1,0,0,26789.723,26789.723
64,0.82477826,0.7599265,0.53520042,0.66667092,-0.32860342,0.40141028,2.6607549,2.0104907,5.0205774,34.397308,28.37015,26.139425,39.108292,108.5771,23.062689,4.7219391,2.0507963,2.9332328,0,18,0.6566658,1,1,1,98228.977,98228.977
65,0.83216667,0.71804911,0,0,0,1,1.5555176,1.3850147,5.9512811,25.869692,21.527895,18.575708,196.06299,141.9427,23.163115,1.1651194,2.035723,2.8023148,0,15,0.84102124,1,0,0,41858.941,41858.941
66,0.83182645,0.61292899,0.5479393,-0.54730779,0.38102356,0.50501269,0.57838839,0.60761303,0.50666231,20.872206,17.362053,12.79318,113.20833,181.13332,22.38438,4.465466,1.1597309,3.279573,0,12,0.65796435,1,0,0,17859.814,17859.814
67,0.81869131,0.65149719,0,0,0,1,3.0456607,1.6929022,0.46944338,21.507826,17.608271,14.012287,107.46665,71.933334,143.86661,1.5772381,1.182602,1.4563345,0,11,0.79067636,1,0,0,21208.529,21208.529
68,0.69650489,0.5946309,0,0,0,1,3.1200862,1.4541067,4.7568922,23.622229,16.452997,14.046507,125.18888,205.83333,125.18891,1.5783596,1.0649329,4.3808613,0,7,0.78134656,1,0,0,21766.648,21766.648
69,0.66877115,0.63867182,0.093469776,-0.61223352,0.11863719,0.77611774,2.3849616,2.3166883,4.8490486,27.129824,18.143642,17.327053,18.559887,66.006218,53.167809,1.570611,1.3357716,4.4092031,0,13,0.66522855,1,1,1,32929.031,32929.031
70,0.92035532,0.6472103,0,0,0,1,1.373042,1.218025,4.5404234,22.933519,21.106987,14.84281,124.30717,47.462742,144.80975,1.7429118,1.6158618,1.0361323,0,13,0.75679368,1,0,0,28464.08,28464.08
71,0.73466629,0.57513994,0.042850908,-0.79248726,-0.16534279,0.5854823,3.1231709,1.5793031,5.3144989,26.362848,19.367897,15.162327,192.21091,65.866684,221.252,1.9000521,1.8335539,4.9336071,0,13,0.75997967,1,1,1,30696.557,30696.557
72,0.8152293,0.67782849,0.69096494,0.14876471,-0.70254791,0.082842946,3.4223936,1.7921156,5.9700346,29.327335,23.908503,19.878904,211.82114,123.50001,76.76136,4.807076,1.5699233,4.3829503,0,18,0.75906783,1,1,1,55253.801,55253.801
73,0.74743396,0.60057676,-0.045583323,0.68071508,0.30921397,0.66252238,1.3514181,1.0246077,0.82979834,29.81171,22.282284,17.904221,99.574898,42.038425,49.400002,4.356925,1.4140997,2.7756717,0,16,0.7830261,1,0,0,47440.133,47440.133
74,0.17773329,0.14614742,0.51390815,0.50592977,-0.64880884,0.24285924,3.3934946,1.5630991,4.7059526,102.98118,18.303183,15.050434,26.486471,76.197235,201.63904,5.1317935,1.6109401,3.5766432,0,17,0.030588172,1,1,1,59160.637,59160.637
75,0.1288567,0.123564,0.55767292,0.5794428,-0.32421404,0.49812871,4.5197015,0.14027466,0.20106645,160.8248,20.723354,19.872154,39.961758,129.12279,189.80843,4.5231156,1.8686887,2.9140344,0,23,0.011930844,1,1,1,114414.44,114414.44
76,0.74026865,0.6566245,-0.2244775,-0.78093463,-0.18826084,0.55164194,2.9706402,1.8095696,6.026134,23.424849,17.340681,15.38133,39.63488,165.81544,64.334908,0,0,0,0,11,0.64841014,1,0,0,23999.125,23999.125
77,0.83196247,0.75661302,-0.78612113,0.19321947,0.55932063,0.1784382,1.6288393,0.33383498,1.6496778,22.280344,18.536409,16.857597,220.61966,82.66938,53.432652,4.7801981,1.8866631,5.2622199,0,8,0.72519773,1,1,1,27347.842,27347.842
78,0.843086,0.59509712,-0.2244775,-0.78093463,-0.18826084,0.55164194,2.1675258,0.40968829,1.9012337,34.720287,29.272188,20.661942,84.693474,35.952183,195.56908,1.8307772,1.362108,4.5213418,0,27,0.78090805,1,0,0,83717.883,83717.883
79,0.80445904,0.49009043,0,0,0,1,3.8338571,1.5950518,4.6729336,24.264704,19.519958,11.891898,141.86667,191.47781,43.066662,4.2721329,1.2161916,2.2499819,0,14,0.66832769,1,0,0,21766.648,21766.648
80,0.7016601,0.54380989,-0.2244775,-0.78093463,-0.18826084,0.55164194,3.1865077,2.2466781,4.3289223,17.932106,12.582244,9.7516575,138.86887,171.80222,20.308886,4.3742828,1.4136443,4.0410676,0,9,0.61845642,1,0,0,8371.7881,8371.7881
81,0.94034386,0.75053608,-0.2244775,-0.78093463,-0.18826084,0.55164194,5.9233589,0.56379771,5.4158688,22.991158,21.619595,17.255693,95.781097,43.636665,126.51892,4.8302584,1.5579659,6.1535544,0,15,0.70346725,1,0,0,33487.152,33487.152
82,0.12311259,0.073605731,0.43051672,-0.30685738,0.60101789,0.59939259,2.9689419,1.5751841,4.7185178,114.66428,14.116616,8.4399481,171.52776,159.63515,45.740734,1.7355986,1.1140974,2.9740825,0,11,0.0053359494,1,1,1,20092.291,20092.291
83,0.88619816,0.76677972,0.57593459,0.6200766,-0.31869274,0.42689484,1.646773,0.54269618,0.99206102,29.109409,25.796705,22.320505,17.592583,121.95184,95.211044,4.6051626,2.0179396,2.9605844,0,14,0.69600558,1,1,1,65299.945,65299.945
84,0.80324507,0.53422534,0.48966593,-0.18068738,0.8396492,0.15022813,3.2057612,1.4647522,4.1825891,25.759399,20.691113,13.761325,223.88324,18.683338,222.2999,1.3943396,1.098246,2.101342,0,8,0.75215852,1,1,1,29022.199,29022.199
85,0.86464602,0.71759039,-0.2244775,-0.78093463,-0.18826084,0.55164194,0.59336144,1.0624603,4.2893033,24.930477,21.556036,17.88987,169.82793,108.26215,73.485596,1.2021822,1.6878599,2.6323974,0,18,0.69029135,1,0,0,37393.988,37393.988
86,0.80027002,0.60296881,0.25147665,0.48355085,-0.23612584,0.80447662,2.7960627,2.3575685,5.4652467,17.928894,14.347956,10.810564,45.499992,37.266666,218.83334,1.9771798,1.9947219,3.1909442,0,9,0.62517309,1,0,0,10604.265,10604.265
87,0.086494572,0.070793219,0.66003984,-0.3039307,0.61617196,0.30381849,3.0511003,1.584751,4.7131133,148.64865,12.857303,10.523316,105.47985,92.120087,146.80185,1.5973587,1.6268786,2.4604173,0,11,0.0053364662,1,1,1,29580.318,29580.318
88,0.76982719,0.71763945,0,0,0,1,3.9560065,1.1349419,4.0864506,26.667168,20.52911,19.137411,190.70175,204.72057,157.32346,4.558701,1.6461589,3.2269323,0,15,0.73824334,1,0,0,41300.82,41300.82
89,0.5017733,0.12438919,0.6386376,-0.1775534,0.74717432,0.048450213,1.5994283,1.5499662,4.6853356,122.60786,61.521347,15.251092,41.681236,204.68555,117.48344,1.3643794,1.4492637,1.906721,0,21,0.00081148965,1,1,1,116088.8,116088.8
90,0.74636829,0.61043161,-0.045583323,0.68071508,0.30921397,0.66252238,2.1304016,2.4807415,4.9464502,23.430309,17.48764,14.302601,124.48016,84.09761,52.732536,1.5142077,1.9631344,6.2736325,0,12,0.79399365,1,0,0,23441.006,23441.006
91,0.89567995,0.80488789,0,0,0,1,3.9239631,0.60353595,0.068213895,22.059116,19.757908,17.755116,58.853077,107.79564,141.18643,1.5303121,1.0302185,1.1711133,0,12,0.69486064,1,0,0,30138.438,30138.438
92,0.88852322,0.66226619,0,0,0,1,5.497787,1.5707964,0.72359699,11.275723,10.018742,7.4675298,43.911106,60.377773,86.449989,1.1912149,1.8715158,3.7538848,0,5,0.76432019,1,0,0,3348.7153,3348.7153
93,0.77373946,0.72267503,-0.13984822,0.78324819,0.15506051,0.58559459,2.9460523,2.4137845,5.1197243,29.47608,22.806807,21.301626,76.627106,88.691765,17.852476,4.6302252,1.8401105,1.1352581,0,16,0.73293233,1,1,1,56370.039,56370.039
94,0.14765878,0.090360329,-0.737001,-0.077060625,-0.65163344,0.16206482,3.0838165,0.085680254,3.0880561,99.271454,14.658301,8.9702015,207.27409,87.479164,212.83151,1.4312176,1.6691726,1.2228552,0,12,0.011348559,1,1,1,22324.768,22324.768
95,0.096591927,0.0764715,0.35603508,0.40462658,-0.53062165,0.65418422,1.5523945,0.74666315,3.1539257,144.0161,13.910793,11.013126,226.19205,88.62059,113.61997,4.6722693,1.1384166,2.9738853,0,10,0.0040423833,1,1,1,30696.557,30696.557
96,0.87642562,0.51330179,0.60231775,-0.41643327,0.55661035,0.39240485,1.092093,0.57126087,4.3093109,19.375952,16.981581,9.9457102,10.023188,20.762314,122.06812,1.5799431,1.6432666,2.789784,0,10,0.72018832,1,1,1,12836.741,12836.741
97,0.59095603,0.44239271,0.19174466,-0.63757175,-0.096295409,0.7399078,2.1272361,1.7704651,5.6154056,22.597382,13.354058,9.9969168,173.29204,223.86821,75.276184,1.9923514,1.4570788,4.5496693,0,8,0.68643755,1,1,1,11720.503,11720.503
98,0.70725811,0.50505686,0,0,0,1,3.1762605,2.0202398,0.4358193,17.70075,12.518999,8.9398851,207.00949,28.228565,141.73093,1.920938,1.0574045,3.3327754,0,7,0.74022895,1,0,0,7813.6689,7813.6689
99,0.89393097,0.78893644,-0.70557892,-0.028252766,-0.70280659,0.086157627,3.5153913,1.7965175,5.8318968,27.061451,24.191071,21.349766,45.969433,23.928118,169.46953,1.4888347,1.5680759,1.4087936,0,18,0.64202446,1,1,1,53579.445,53579.445
100,0.10271959,0.078679323,0.59688997,0.16033357,-0.74563324,0.24909136,6.05757,0.080727294,6.0478697,144.09206,14.801078,11.337067,157.21742,92.657661,118.53384,4.6523986,1.332517,4.1275578,0,13,0.0050434088,1,1,1,35161.508,35161.508
101,0.89766842,0.80191493,0,0,0,1,0.061214752,0.216837,5.8936462,21.822445,19.589319,17.499744,184.39558,145.09308,80.779869,4.8595481,1.4434958,1.9741695,0,14,0.749547,1,0,0,29580.318,29580.318
102,0.88294894,0.70427132,0.15306091,0.61220813,0.06401626,0.77309471,1.0969824,1.6084994,4.5712075,21.813425,19.260141,15.362571,9.9174252,9.1689396,37.424248,4.3847799,1.3658168,1.7331719,0,8,0.61832809,1,1,1,24557.244,24557.244
103,0.94577098,0.6790421,0,0,0,1,2.5953367,1.9419502,4.5972013,21.986012,20.793732,14.929428,53.954601,74.625526,192.34468,1.6909699,1.2398351,2.1742334,0,15,0.65023553,1,0,0,26231.602,26231.602
104,0.9248991,0.76952475,0,0,0,1,0.99143583,1.4621251,3.9444945,20.742767,19.184967,15.962073,41.715553,129.17186,143.99179,1.3079375,1.6276549,0.33247751,0,11,0.74932283,1,0,0,25115.363,25115.363
105,0.91909677,0.7531057,-0.2244775,-0.78093463,-0.18826084,0.55164194,3.2129865,1.8132967,0.39864016,18.915648,17.385311,14.245481,44.909088,44.16061,141.71309,5.2278266,1.7061503,2.0963345,0,12,0.72837913,1,0,0,18417.934,18417.934
106,0.48273814,0.3665804,-0.2244775,-0.78093463,-0.18826084,0.55164194,1.5624359,0.033938054,3.1079919,26.521742,12.803057,9.7223511,221.22606,174.68983,70.878242,4.8375592,1.5515014,3.2733991,0,6,0.68928045,1,0,0,12836.741,12836.741
107,0.57272542,0.082512245,0.1844399,-0.81878686,0.2187268,0.4977234,1.5812761,1.5598217,4.4824286,109.62169,62.783127,9.0451317,157.43747,36.146332,125.20688,1.3783085,1.9920008,4.0767775,0,15,0.00016652884,1,1,1,45765.773,45765.773
108,0.29401916,0.24195275,0.57099515,-0.21299495,0.72806698,0.31387272,3.1430926,1.3831621,6.2493129,54.85981,16.129835,13.273481,218.26395,31.480391,77.651604,1.6207887,1.3106775,2.3348632,0,10,0.064818271,1,1,1,28464.08,28464.08
109,0.18613106,0.10485485,-0.70572633,-0.22006357,-0.52350098,0.42363796,2.6125052,1.5716037,4.6786056,118.09318,21.980808,12.382643,163.28101,135.64626,44.671944,1.192717,1.663886,0.58817619,0,22,0.012864402,1,1,1,56370.039,56370.039
110,0.72474259,0.62408841,-0.2244775,-0.78093463,-0.18826084,0.55164194,3.1468184,2.3218684,6.1439958,21.139582,15.320755,13.192967,41.166668,155.33553,142.1622,4.3425803,1.5016429,1.0672596,0,10,0.71647787,1,0,0,16743.576,16743.576
111,0.093985878,0.078470275,-0.48594868,0.60545403,0.53430605,0.33435962,3.1471717,0.6315906,3.1201761,125.23896,11.770694,9.8275356,181.13327,186.30856,122.32381,4.3770905,1.777711,6.1660118,0,10,0.00345622,1,1,1,19534.172,19534.172
112,0.86589015,0.6752665,-0.2244775,-0.78093463,-0.18826084,0.55164194,3.6658325,1.917062,5.9970288,19.693071,17.052036,13.298072,124.82793,208.2236,91.894623,1.4621819,0.86944252,1.1433251,0,11,0.67703056,1,0,0,17301.695,17301.695
113,0.082339622,0.058776692,-0.25995919,-0.64929491,-0.39275992,0.59714067,1.4366453,1.5650243,4.7346029,148.60233,12.235859,8.7343531,70.722221,38,128.56665,1.771763,1.5491198,5.6750088,0,14,0.0037502553,1,1,1,21766.648,21766.648
114,0.67694545,0.54238021,0.085659675,-0.50038087,0.13894752,0.85027939,0.1044603,1.038041,0.4397257,13.386698,9.0620642,7.2606792,15.094443,56.261108,126.24444,1.7104069,1.7717118,3.28005,0,7,0.61596888,1,0,0,3348.7153,3348.7153
115,0.19477266,0.16196117,0.3866635,-0.52325755,0.55094308,0.52264196,3.1613789,1.6088539,4.7076354,100.1296,19.50251,16.217108,160.66772,54.026333,33.090157,1.3954372,1.4168026,3.2642412,0,17,0.016826987,1,1,1,58602.516,58602.516
116,0.91215152,0.77300858,-0.2244775,-0.78093463,-0.18826084,0.55164194,3.1443603,1.0056324,4.2830353,19.445919,17.737625,15.031861,77.660362,141.74684,210.28365,4.6473346,1.685524,2.0513763,0,7,0.77717167,1,0,0,20650.41,20650.41
117,0.80041271,0.66398108,0,0,0,1,0.35739136,0.70458937,5.0784769,27.519062,22.026608,18.272137,139.86115,90.566666,140.07233,4.4843073,1.6136549,1.3528173,0,13,0.72746468,1,0,0,43533.297,43533.297
118,0.872244,0.8161878,0.73869431,-0.32245666,0.55184937,0.21404389,3.9558039,0.61710274,6.2117028,24.177839,21.088976,19.733658,147.85699,223.90082,14.179634,1.5292095,1.87475,2.3523889,0,12,0.78786421,1,1,1,40184.582,40184.582
119,0.86562461,0.70524204,-0.69285274,-0.18131822,-0.67713761,0.16900729,1.1900843,0.7078132,3.5163131,21.648577,18.73954,15.267487,157.18179,159.05296,226.60374,1.5821608,1.5966415,1.0702449,0,13,0.75975943,1,1,1,24557.244,24557.244
120,0.92919534,0.69426066,0,0,0,1,1.0614918,1.1697559,0.95652825,21.05183,19.561262,14.615457,219.04491,193.5791,159.11391,4.5183172,1.1528591,2.3358614,0,11,0.78169715,1,0,0,23999.125,23999.125
121,0.83777291,0.6679889,-0.2244775,-0.78093463,-0.18826084,0.55164194,3.2604249,1.7049319,5.6279063,23.132813,19.380043,15.452463,154.41698,139.79868,60.489811,4.4756851,1.5776331,6.095839,0,13,0.74347723,1,0,0,27347.842,27347.842
122,0.88324177,0.65176588,-0.2244775,-0.78093463,-0.18826084,0.55164194,1.0467983,1.6328325,4.2188334,20.180067,17.823879,13.15268,173.67184,23.156252,109.34894,1.5128999,1.2887824,4.4072542,0,10,0.59462899,1,0,0,17859.814,17859.814
123,0.13461529,0.10689946,0.10744382,-0.77831906,-0.17388731,0.59366536,1.6057047,2.2873967,6.2737055,118.00671,15.885507,12.614854,152.38002,192.65994,210.8999,1.9929098,1.8076541,4.8601446,0,14,0.0065888367,1,1,1,36277.75,36277.75
124,0.84253377,0.72327739,-0.2244775,-0.78093463,-0.18826084,0.55164194,2.0872598,1.2547619,0.57509559,25.590334,21.56072,18.508911,208.76559,189.70497,129.25211,1.4688125,1.5711212,1.1171014,0,15,0.78380054,1,0,0,40742.703,40742.703
125,0.66809469,0.61442941,0,0,0,1,4.6432724,0.54032242,5.4398198,24.491459,16.362612,15.048272,152.51266,103.70077,180.3492,1.5500034,2.0056489,6.1424966,0,12,0.68812698,1,0,0,23441.006,23441.006
126,0.12652783,0.11969021,-0.46366957,0.68167442,0.50504577,0.25545889,4.7422857,0.72290123,6.2373781,126.05459,15.949414,15.0875,202.18433,54.171581,140.24747,4.2071881,1.9383558,6.1541648,0,17,0.008629824,1,1,1,49114.488,49114.488
127,0.88542324,0.69787616,0,0,0,1,2.9558613,0.93231785,4.6622963,17.000639,15.052761,11.864341,138.00632,107.81743,89.390472,4.8185906,1.6755207,4.4984684,0,9,0.66475725,1,0,0,11720.503,11720.503
128,0.14555913,0.10379465,0.27926347,-0.58527017,0.22699282,0.7265982,0.058736302,0.44799688,0.01055654,118.59698,17.262875,12.309732,192.25359,26.09004,108.85103,1.7132019,1.4111779,3.9643872,0,16,0.01118069,1,1,1,42975.18,42975.18
129,0.19574291,0.1436384,-0.5467121,-0.45149803,-0.28935719,0.64306128,1.23751,1.576739,4.7344766,92.740944,18.153381,13.321161,208.04984,187.99437,29.872221,1.1131285,1.5762856,6.0157118,0,12,0.021370234,1,1,1,43533.297,43533.297
130,0.94158179,0.71327621,0,0,0,1,3.3976705,1.496074,4.7308736,23.612556,22.233154,16.842276,191.09293,172.23604,173.03276,5.1538076,1.5641999,3.0778313,0,16,0.71191156,1,0,0,34603.391,34603.391
131,0.8442542,0.77808517,-0.2244775,-0.78093463,-0.18826084,0.55164194,2.2383196,0.070900612,2.4609494,28.273981,23.870426,21.999565,74.49588,186.35834,63.570866,4.9457965,1.1944348,0.001255276,0,17,0.70803106,1,0,0,58044.398,58044.398
132,0.44729665,0.34031716,0.20496038,0.6245532,-0.079358622,0.74941766,0.012221058,0.55716735,6.2472072,47.642185,21.310188,16.213453,14.887673,34.39954,98.91275,4.500792,1.4345257,1.9933944,0,16,0.072033361,1,1,1,40742.703,40742.703
133,0.8974725,0.77751899,0.6031608,0.30928379,-0.513991,0.52569371,3.2893724,1.5148363,4.8665051,18.199869,16.333883,14.150745,189.09224,172.62552,223.94662,4.3895478,1.489626,3.4419224,0,9,0.77466315,1,1,1,16743.576,16743.576
134,0.65455776,0.11196737,0.54689693,-0.58315873,0.46006855,0.38622099,1.6033423,1.5543647,6.2548513,111.68591,73.104874,12.505177,87.32637,114.09806,39.998055,1.4516788,1.8528624,3.0866301,0,20,0.00033859262,1,1,1,86508.477,86508.477
135,0.83819324,0.62837195,0.33819121,-0.58572161,0.5085296,0.53287393,1.6980063,2.2449369,5.0646586,35.689583,29.914768,22.426332,142.84332,107.82689,211.28911,1.3324008,1.4855794,3.4267328,0,21,0.67267489,1,1,1,92647.789,92647.789
136,0.88920206,0.72945052,-0.40142441,-0.57752734,-0.4999148,0.50537699,3.747853,1.4195353,0.92595768,25.716957,22.867571,18.759247,49.827694,147.23773,217.80894,1.7433486,1.5601548,6.0997663,0,12,0.69561702,1,1,1,42975.18,42975.18
137,0.85483664,0.77754778,0.31322041,-0.62243229,0.46756369,0.5439257,1.5523343,0.069898173,3.7683806,25.738205,22.001961,20.012684,222.40414,139.4456,127.66881,1.3269701,1.5418503,3.5361221,0,16,0.69119793,1,1,1,44091.418,44091.418
138,0.13767934,0.09674371,-0.84345341,-0.22153242,-0.47763839,0.10663675,3.2127934,0.23670168,3.2069249,121.55678,16.735857,11.759853,190.33522,46.009796,136.09224,1.6079882,2.1187954,1.0942923,0,20,0.007790966,1,1,1,37952.105,37952.105
139,0.10364656,0.094497293,0.19186936,-0.63738418,-0.06157317,0.74373132,0.99822831,1.5719961,4.7002335,156.09645,16.17886,14.750692,127.88599,29.316816,134.0417,1.9457955,1.4566938,4.5025921,0,18,0.0082100164,1,1,1,59718.754,59718.754
140,0.91266131,0.68234104,-0.48753151,-0.3098141,-0.64550751,0.49964815,3.1391051,1.9711117,5.9367833,26.200401,23.912094,17.877609,108.61665,207.83873,219.87212,1.4781833,1.2316773,0.3459903,0,14,0.6878438,1,1,1,43533.297,43533.297
141,0.8269577,0.7249701,0.51892924,0.45402262,-0.58124661,0.43212059,2.7763863,0.074637339,2.1498291,26.752796,22.12343,19.394978,189.36661,154.5809,142.0251,4.6720481,1.4603534,4.7816234,0,18,0.69037789,1,0,0,44649.535,44649.535
142,0.78357637,0.54090858,0,0,0,1,2.6280751,1.5355464,4.6028752,23.726439,18.591476,12.833835,89.722221,18.788893,157.91107,1.3462214,1.6012477,4.5427041,0,11,0.65162915,1,0,0,21766.648,21766.648
143,0.87669337,0.62599611,0,0,0,1,3.9082315,1.5014434,3.7645948,27.224993,23.867971,17.04274,159.24734,125.68861,156.95447,1.7515572,1.6276765,1.9027916,0,16,0.77573532,1,0,0,44091.418,44091.418
144,1,1,-0.46824846,-0.43869868,-0.52585304,0.55835956,nan,nan,nan,4.8992314,4.8992314,4.8992314,24.699997,41.166664,238.76665,1.5082536,1.393292,0.0025973467,0,1,1,1,1,1,558.1192,558.1192
145,0.097242035,0.087223805,-0.31903788,0.53690946,0.5615117,0.54281461,1.6312008,0.48892239,3.071326,155.27126,15.098893,13.54335,77.357193,137.61427,72.471504,4.4462142,1.3490986,0.23231658,0,17,0.0081205862,1,1,1,50788.848,50788.848
146,0.58569098,0.53075838,0.26920855,-0.55652279,0.56552845,0.54588157,5.0590038,0.57295817,5.9663763,26.026949,15.243749,13.81402,139.33334,187.88892,6.7555532,1.2182722,1.3329417,3.4587655,0,11,0.76619488,1,1,1,21766.648,21766.648
147,0.94186193,0.70398027,0,0,0,1,4.7807598,0.69758445,5.2953577,20.217999,19.042562,14.233071,75.880173,110.59368,123.94506,4.8488088,1.4950985,1.0027977,0,12,0.58937198,1,0,0,20650.41,20650.41
148,0.78340697,0.60149056,-0.2244775,-0.78093463,-0.18826084,0.55164194,3.5645986,1.7618127,6.0238242,31.865181,24.963406,19.166605,107.33824,91.633934,172.67142,4.2164578,1.3338794,5.5147028,0,20,0.74900311,1,0,0,60276.875,60276.875
149,0.79208416,0.55132723,-0.81618226,0.13565846,0.55980051,0.045460656,2.0098999,2.0934916,5.6171689,21.284088,16.858789,11.734497,93.121834,42.586208,10.504597,4.6287146,1.9488512,4.9581251,0,9,0.65080684,1,1,1,16185.457,16185.457
150,0.79465371,0.62837476,-0.2244775,-0.78093463,-0.18826084,0.55164194,1.8697832,2.2740049,4.3944426,16.193108,12.867913,10.17534,105.38665,73.002205,189.3667,5.2263017,1.8155423,1.2496301,0,5,0.74423796,1,0,0,8371.7881,8371.7881
151,0.098198317,0.085271545,-0.43597037,0.72742289,0.24729767,0.46864659,3.1131892,1.3234349,0.014938589,148.41656,14.574257,12.655709,151.8833,19.824997,57.30835,4.7667704,2.0246458,0.54531628,0,14,0.006926015,1,1,1,42417.059,42417.059
152,0.76312369,0.54152006,0,0,0,1,3.4816813,1.2088014,4.9454145,24.384993,18.608767,13.204963,175.91216,156.63411,42.572361,4.4953656,1.5781653,4.9511318,0,13,0.62983125,1,0,0,22882.887,22882.887
153,0.6461156,0.5139944,0.51590288,0.47597787,-0.55890608,0.44148982,3.6051087,1.9496236,4.2255778,20.584202,13.299774,10.580165,179.89832,51.046654,93.036667,4.7889943,1.5562172,3.2986581,0,9,0.65915579,1,0,0,11162.384,11162.384
154,0.83279473,0.62440628,0,0,0,1,0.98693204,1.7906524,5.1424122,26.776703,22.299496,16.719542,124.55856,32.462852,32.227619,1.1926645,1.5936333,4.9922767,0,16,0.71170413,1,0,0,39068.344,39068.344
155,0.10059243,0.077323742,0.1476382,0.69772536,-0.15806448,0.68293333,1.5649321,0.60218608,3.1279881,159.43135,16.037588,12.327828,72.96138,119.03295,220.02261,4.7313099,1.5880326,2.0067642,0,16,0.0099045401,1,1,1,52463.203,52463.203
156,0.23151253,0.16845831,0.66267371,-0.37678513,0.62521464,0.16734149,1.5447148,2.0790274,0.046346959,97.752556,22.630941,16.467232,121.5703,33.061962,161.25761,1.3153222,1.7337232,2.3493192,0,19,0.022489764,1,1,1,71439.258,71439.258
157,0.92502445,0.61618525,0,0,0,1,3.6154156,0.8384555,4.982492,16.169846,14.957502,9.9636202,153.04312,156.91763,24.215681,1.830829,1.6658199,4.3090587,0,7,0.73371249,1,0,0,9488.0264,9488.0264
158,0.82658136,0.5924896,-0.12610574,0.79325932,0.14232589,0.57842928,1.5707964,1.3230206,4.712389,15.584961,12.882238,9.2339277,3.1666665,74.099983,224.83331,4.6287785,1.8653637,1.171881,0,6,0.71201789,1,1,1,7255.5498,7255.5498
159,0.65901691,0.11769931,-0.16044344,-0.75794744,-0.084571026,0.62659508,1.4386826,0.016573004,1.3366526,104.97007,69.177048,12.354904,122.84997,37.555557,156.72232,1.4963527,1.7726164,5.0551496,0,16,0.00013911737,1,1,1,63625.59,63625.59
160,0.75404853,0.58999109,0.61247993,-0.57221723,0.39440274,0.37667263,2.2278638,1.9599972,4.6364865,25.600298,19.303867,15.103948,107.82497,191.74162,60.008343,1.1251624,1.761476,3.9448855,0,14,0.68914288,2,0,0,29022.199,29022.199
161,0.8957901,0.79659498,-0.657561,0.40984079,0.51543015,0.36602712,5.5359826,0.45507598,4.7081089,22.089123,19.787218,17.596083,175.07484,189.21127,187.50247,1.37749,1.5001589,0.76661414,0,12,0.65264201,2,0,0,29580.318,29580.318
162,0.94952106,0.72746301,-0.66044712,0.43755177,0.57912391,0.19228533,1.723649,2.0650012,4.1931324,23.374868,22.194929,17.004353,173.69678,123.1016,126.15594,1.4268602,1.6009077,5.2981558,0,12,0.72000426,2,0,0,34603.391,34603.391
163,0.93387479,0.79126763,0.12357926,-0.76124328,0.3628847,0.52302152,1.4334116,0.92309147,1.1697392,28.636106,26.742538,22.658825,138.56102,174.17189,140.43532,5.0386443,2.0590491,3.0404301,0,16,0.75153208,2,0,0,68648.664,68648.664
164,0.87197167,0.68315017,-0.69105834,0.35366532,0.61650044,0.13147774,3.9257939,1.46285,0.07888452,21.811739,19.019217,14.900692,73.91288,92.25074,227.1651,4.4494839,1.7775477,5.3955278,0,10,0.76737618,2,1,1,24557.244,24557.244
165,0.90226591,0.74917036,-0.657561,0.40984079,0.51543015,0.36602712,1.7010977,1.3987128,6.2486391,25.11948,22.664452,18.818771,79.106796,33.934681,28.260359,1.5392113,1.1126846,5.250679,0,12,0.66010785,2,0,0,41300.82,41300.82
166,0.9300468,0.85841376,-0.44782448,0.4672184,0.27070358,0.71265686,2.9131026,1.5844727,4.5468063,24.887917,23.146927,21.36413,153.94427,104.54415,18.285664,5.1135788,1.4077545,0.4435727,0,12,0.69959778,2,1,1,47998.25,47998.25
167,0.82088923,0.64036918,-0.47577387,0.50250334,0.65348524,0.30673546,2.1010847,1.579723,5.3180056,13.963095,11.462154,8.9415359,20.583332,154.78665,58.456657,4.7258878,2.1658142,3.899873,0,7,0.69966751,2,0,0,5581.1919,5581.1919
168,0.22339267,0.2049188,0.19182646,0.66553497,-0.14199564,0.70717973,3.139673,1.7396828,0.0020766,86.490524,19.321348,17.723534,206.31769,172.48499,206.45599,4.6299224,1.5302535,2.0495758,0,21,0.043968849,2,1,1,66416.188,66416.188
169,0.34187391,0.27528122,0.33036757,0.65162605,-0.23829396,0.63988805,3.7711866,1.6052835,4.7577004,52.30917,17.883142,14.399733,111.008,217.3315,15.47299,4.5996542,1.6383662,2.3965087,0,11,0.062151443,2,1,1,32370.914,32370.914
170,0.83351421,0.7534073,-0.64557618,-0.29344621,-0.70133173,0.072487801,2.4527705,2.0625465,4.8450198,28.747257,23.961248,21.658394,206.85262,108.28788,191.64052,4.7908444,1.0457811,3.078553,0,17,0.72523326,2,0,0,58602.516,58602.516
171,0.93406671,0.71957743,-0.25984499,0.75122279,0.20368797,0.57153839,2.1997433,2.0481467,6.0935268,29.500683,27.555607,21.228027,44.178833,110.04548,220.96129,4.7030511,1.8376628,0.89543033,0,13,0.77260756,2,1,1,68648.664,68648.664
172,0.74097931,0.70471585,0.59902894,-0.092900127,0.79385316,0.048280243,1.6474445,1.8993341,4.8020034,19.310114,14.308395,13.608143,75.319748,7.0135798,175.33948,1.4776802,1.3025222,1.7853979,0,7,0.80193192,2,1,1,15069.219,15069.219
173,0.88795292,0.81023759,0.67171901,0.39935586,-0.4830595,0.39492023,1.4714023,1.8387154,3.9785326,23.802658,21.135639,19.285807,13.125607,132.56863,138.17691,4.5634308,1.7940289,3.490658,0,12,0.76391327,2,1,1,38510.227,38510.227
174,0.77785832,0.64500219,0.12357926,-0.76124328,0.3628847,0.52302152,0.54886842,0.57508904,0.73966032,32.302135,25.126486,20.834949,78.635315,73.61161,43.818047,1.0445786,1.5313351,2.2832501,0,20,0.69474375,2,0,0,65858.063,65858.063
175,0.73954999,0.69398725,0.12357926,-0.76124328,0.3628847,0.52302152,2.5064433,1.4261272,5.2443027,20.745861,15.342603,14.397365,17.495836,163.12288,212.78012,4.377912,1.499663,6.1159582,0,10,0.69722682,2,0,0,17859.814,17859.814
176,0.91622937,0.71858042,0.19718277,0.74633026,-0.076127261,0.63112187,3.2656446,1.7866771,6.1140113,23.772707,21.781254,17.082603,150.19194,167.4554,76.88871,1.7926064,1.2555419,5.1129723,0,13,0.71051371,2,0,0,34603.391,34603.391
177,0.69884491,0.59338528,-0.657561,0.40984079,0.51543015,0.36602712,3.4175949,1.1427006,3.8918056,30.871811,21.574608,18.318878,34.795635,137.3203,47.047611,4.7044816,1.2477005,1.041033,0,16,0.64948446,2,0,0,46882.012,46882.012
178,0.83353543,0.69973856,-0.26596543,-0.60413754,-0.45053273,0.6010828,1.3134147,0.56747675,0.25161716,24.000917,20.005617,16.794369,94.541374,32.649422,225.28094,1.7992921,1.441879,5.7703004,0,13,0.80837792,2,1,1,32370.914,32370.914
179,0.19625497,0.17547715,0.054985076,-0.78728712,0.11732339,0.60281903,4.7190533,0.75938535,0.01704487,89.430855,17.55125,15.693071,74.429352,27.115101,44.569767,1.4483026,1.8190265,4.4504395,0,14,0.010989579,2,1,1,41858.941,41858.941
180,0.54678667,0.50795585,0.67400163,0.26816165,-0.65309733,0.21742827,4.1704011,0.53411955,4.7629232,26.678947,14.587692,13.551726,145.97476,10.903605,143.52698,4.7696762,1.623198,4.0123472,0,9,0.71359342,2,1,1,20650.41,20650.41
181,0.32301226,0.25743571,-0.30796269,0.64893502,0.52728641,0.45388469,3.1453452,0.93305993,6.276475,65.956627,21.3048,16.979591,19.707436,201.89172,127.00359,4.295414,1.6027172,0.26763254,0,13,0.039857991,2,1,1,52463.203,52463.203
182,0.86828333,0.72069848,-0.70788568,0.09829127,0.69262964,0.097472876,1.5845611,2.2208657,5.9939981,22.217703,19.291262,16.012264,139.46262,191.21495,228.18091,4.7142296,1.5923245,4.990169,0,10,0.77912962,2,1,1,27347.842,27347.842
183,0.873959,0.71012217,0.25147098,0.7901696,-0.20732136,0.51904941,3.9728239,0.35457769,3.6637049,25.806538,22.553856,18.325794,82.004036,114.38841,68.062271,5.1668086,1.8096418,0.98317683,0,16,0.72182423,2,0,0,41858.941,41858.941
184,0.81383538,0.60110605,0.12357926,-0.76124328,0.3628847,0.52302152,0.94457227,1.3883703,3.7694383,17.231747,14.023806,10.358108,43.588234,216.00391,76.521553,1.8538537,1.4944431,0.23521864,0,10,0.60681778,2,0,0,9488.0264,9488.0264
185,0.79681641,0.61208546,-0.5703429,-0.34235895,-0.41893637,0.61805475,2.0616395,0.353028,1.9115653,27.033112,21.540428,16.546576,45.283321,18.040688,15.498041,1.1363087,1.4555426,0.055074569,0,11,0.73526484,2,1,1,37952.105,37952.105
186,0.092872135,0.088014543,-0.67625177,0.55977452,0.32710913,0.34976512,1.568271,1.6673641,6.2805028,148.41516,13.783633,13.062694,187.55933,160.54996,112.15402,4.8398056,2.142812,6.2226863,0,17,0.011425826,2,1,1,45765.773,45765.773
187,0.9525314,0.58291751,0.40258235,-0.64628524,0.055489223,0.64588219,3.6157556,1.9364876,6.0239296,26.965126,25.685129,15.718445,145.04204,193.53963,179.66696,4.7842855,1.955421,2.2589211,0,17,0.56929463,2,0,0,40742.703,40742.703
188,0.79115152,0.64479768,0.031654555,-0.77243525,0.11149907,0.62442756,3.1548209,0.90521914,0.90558493,15.827972,12.522325,10.20584,138.79045,75.276176,22.347614,1.2651069,1.6530722,2.9508729,0,6,0.66686344,2,0,0,7813.6689,7813.6689
189,0.87054169,0.75464439,-0.57722288,-0.34620738,-0.68610686,0.27606428,2.9003844,0.68744814,3.7811785,20.824549,18.128637,15.715129,28.620634,37.834126,195.44373,4.8315911,1.8140097,4.2427521,0,11,0.74669725,2,0,0,23441.006,23441.006
190,0.80178058,0.60789216,-0.23032598,-0.46229124,-0.12273465,0.84745091,2.0125976,2.494453,4.9936748,25.798059,20.684383,15.682439,71.727692,60.005653,223.41628,1.2523961,1.0854965,5.3184452,0,11,0.73153561,2,1,1,32929.031,32929.031
191,0.09862712,0.076873779,0.53436685,-0.51431513,0.29004762,0.60481769,1.6204861,0.1621324,3.0930545,142.28432,14.033092,10.937934,123.65533,151.30687,39.613213,1.9281491,1.6711003,3.4607084,0,13,0.003534619,2,1,1,29580.318,29580.318
192,0.063269727,0.056725997,-0.042838383,0.79896015,0.17998634,0.57221717,3.8754194,1.5764863,4.7405615,140.60191,8.8958454,7.9757843,191.67201,156.10399,159.39731,4.4612112,1.8549498,1.2124857,0,10,0.0041508083,2,1,1,13952.98,13952.98
193,0.21277079,0.12685896,0.62256682,0.38166535,-0.67390633,0.11221537,3.1516826,2.0191264,6.2690954,104.70034,22.277174,13.282176,37.257896,90.400314,41.915127,5.0973487,1.6373614,3.9974272,0,16,0.013995249,2,1,1,55253.801,55253.801
194,0.091576479,0.0741143,-0.77552241,-0.10457149,-0.56642717,0.25843778,3.1714964,1.8864343,0.011920338,150.28442,13.762519,11.138225,105.2192,51.353668,199.69319,1.2767808,1.797473,1.0087175,0,13,0.0046271388,2,1,1,32929.031,32929.031
195,0.08454892,0.061446041,0.50084615,-0.48954314,0.45080468,0.55342191,3.0435462,1.5803658,4.7209015,154.23625,13.040508,9.4772072,223.56656,157.54161,112.25831,1.6840405,1.5517938,3.2320125,0,12,0.0063445643,2,1,1,29022.199,29022.199
196,0.82178855,0.6711005,0.12357926,-0.76124328,0.3628847,0.52302152,2.9125674,1.6291394,0.182568,25.387627,20.86326,17.037647,31.757135,100.89097,118.14178,4.3635721,1.346588,4.355145,0,16,0.69634581,2,0,0,35161.508,35161.508
197,0.80790991,0.64585274,-0.13555402,0.54500645,0.17046347,0.80965132,2.9877849,1.905612,5.2992415,18.79734,15.186557,12.140313,42.538883,46.998608,175.64442,1.4324144,1.8883439,3.8526673,0,10,0.66883653,2,0,0,13394.861,13394.861
198,0.093748689,0.089980558,0.53947079,0.36171377,-0.45867318,0.60642666,1.900189,1.562097,4.6970325,155.40166,14.568702,13.983128,108.62383,184.12726,121.81587,4.3797979,1.4138844,3.198498,0,15,0.0069694901,2,1,1,49114.488,49114.488
199,0.83230311,0.59358299,0.12357926,-0.76124328,0.3628847,0.52302152,0.33407182,0.22865449,0.83953428,25.843889,21.509949,15.340493,144.96066,32.933331,82.063385,4.5447083,1.5033692,5.2969546,0,14,0.78642631,2,0,0,34045.27,34045.27
200,0.072677784,0.055168159,0.1408585,-0.65808272,0.20803669,0.70979345,1.4886808,1.5531676,4.7243848,150.21165,10.91705,8.2869005,57.391167,62.23431,119.14116,1.4965487,1.4764845,4.2164173,0,11,0.0041170027,2,1,1,18976.053,18976.053
201,0.69879198,0.65675473,-0.657561,0.40984079,0.51543015,0.36602712,2.7516243,2.1167083,5.244678,29.23241,20.427374,19.198524,105.91518,93.311096,126.95601,4.5423203,1.4668016,0.23396848,0,14,0.73942089,2,0,0,45207.656,45207.656
202,0.99999994,0.80520278,0.48691878,0.44383693,-0.66126496,0.35867473,3.9269905,2.1862762,0.53422445,10.645347,10.645346,8.5716629,77.628555,136.4381,234.06187,4.9545383,1.4385736,3.4762499,0,2,0.81612867,2,1,1,3906.8345,3906.8345
203,0.09911257,0.089568943,0.3659119,0.41920111,-0.53892863,0.63240397,3.1478212,1.4852259,0.00892164,143.33736,14.206535,12.838576,162.95135,217.61145,64.951889,4.7005258,1.1801807,2.9941883,0,11,0.0066532232,2,1,1,40184.582,40184.582
204,0.75213492,0.69300413,-0.657561,0.40984079,0.51543015,0.36602712,4.6087279,0.63847286,4.2642717,26.80934,20.16424,18.578981,92.801422,44.459991,157.72714,1.5223608,1.4054304,1.0015055,0,14,0.69060951,2,0,0,39068.344,39068.344
205,0.79128093,0.65942144,-0.69392997,-0.17745365,-0.69087106,0.098329127,2.5544353,1.9142729,6.2484641,26.985245,21.352909,17.794649,45.626377,204.80403,205.14716,1.6911591,1.7499052,4.3581343,0,13,0.7169522,2,0,0,40184.582,40184.582
206,0.85070705,0.67903435,0.033479597,0.66766542,0.2991522,0.68088913,0.80227315,1.066095,0.57949996,24.945898,21.221651,16.939121,41.297352,95.271416,78.281998,1.7487121,1.4749587,1.1590999,0,18,0.71870178,2,0,0,35161.508,35161.508
207,0.67434579,0.49532571,-0.657561,0.40984079,0.51543015,0.36602712,2.8979917,1.8408897,4.4488602,28.91275,19.497192,14.321229,203.58781,222.2999,140.41574,1.1240644,1.5454874,4.9920559,0,14,0.61630589,2,0,0,30696.557,30696.557
208,0.8898142,0.64304525,0.0064252866,0.54110616,0.21643636,0.81259966,2.4161584,2.2710917,6.1635866,29.615452,26.352249,19.044077,109.75108,161.14966,71.702026,4.440208,1.1435946,1.3223629,0,16,0.67127115,2,0,0,57486.277,57486.277
209,0.92669076,0.74826348,0.11911403,-0.70697033,0.24210806,0.65374959,1.3271863,1.7590882,0.71650141,17.668892,16.373598,13.220985,124.10987,70.135796,77.149384,1.7785363,1.5393335,5.129909,0,7,0.73607862,2,0,0,15069.219,15069.219
210,0.20941161,0.13389875,0.41266277,-0.60595393,0.48302871,0.47876152,3.7437847,0.024124842,1.0136646,119.22694,24.967503,15.964336,142.26305,193.06337,126.02041,1.3788308,1.6458081,3.3246849,0,21,0.011892596,2,1,1,82043.523,82043.523
211,0.088123471,0.068271719,-0.16228083,-0.48603621,-0.10621464,0.85214561,3.1219339,1.5846089,0.0094787898,126.80471,11.174471,8.657176,182.13126,123.49999,210.07463,1.3725524,1.0759828,5.1586413,0,8,0.0059165494,2,1,1,18417.934,18417.934
212,0.093724854,0.072069548,-0.50961447,-0.50247353,-0.440512,0.54199874,2.425879,1.5767809,4.7147603,155.50069,14.574279,11.206864,107.03329,60.26342,104.86063,1.4608124,1.5951718,6.1873126,0,14,0.0076884157,2,1,1,40184.582,40184.582
213,0.81305242,0.74547946,-0.39313835,0.60723156,0.49571741,0.4806,3.304172,1.2171484,0.12778355,21.9284,17.828938,16.347172,180.75035,22.976749,76.972069,1.7145189,1.4839102,3.7441304,0,12,0.57897383,2,0,0,23999.125,23999.125
214,0.83471793,0.76834816,0.12357926,-0.76124328,0.3628847,0.52302152,1.8700655,1.4011337,4.6214385,22.503717,18.784256,17.290689,220.32394,108.02129,40.508003,4.3589745,2.0639405,0.70205432,0,14,0.62912786,2,0,0,27905.961,27905.961
215,0.90505171,0.73605865,0.19718277,0.74633026,-0.076127261,0.63112187,1.6276699,1.7542648,5.8225455,20.879597,18.897116,15.368608,122.73409,60.505417,210.04561,1.2478461,1.0740274,2.1543567,0,12,0.75296253,2,0,0,23999.125,23999.125
216,0.73253185,0.61926812,-0.7634865,-0.24282022,-0.58948243,0.10313716,3.5383253,1.2206804,4.3754997,26.95702,19.746876,16.693623,192.85529,210.43829,61.261585,1.679777,1.5968565,1.1790621,0,13,0.54181081,2,0,0,32929.031,32929.031
217,0.78554618,0.69518495,-0.60285509,0.1898102,0.75551265,0.1724485,2.3051898,2.2949846,5.9054375,26.984804,21.197809,18.75943,58.634682,76.325249,92.903091,4.6468587,1.6461334,3.6772187,0,16,0.65493912,2,0,0,41300.82,41300.82
218,0.86110789,0.76776499,0.12357926,-0.76124328,0.3628847,0.52302152,1.4603424,1.9575703,5.5469823,20.162071,17.361717,15.479732,57.410809,38.496399,92.124313,4.8807359,1.454901,5.4342418,0,11,0.62336743,2,0,0,20650.41,20650.41
219,0.74547142,0.67789108,-0.69955236,-0.041712042,0.69428515,0.16387412,2.4824297,1.4071534,4.5388207,20.225567,15.077582,13.710732,8.7822218,24.151114,192.3856,5.0037355,1.5530221,4.8846231,0,8,0.7986061,2,1,1,16743.576,16743.576
220,0.90620786,0.82718945,-0.82813513,0.025484579,-0.52958173,0.18189538,1.363255,2.1775846,4.2853208,37.729458,34.190731,31.209408,75.654526,119.41211,182.45775,4.5917163,1.6337469,0.14758451,0,28,0.75971305,2,0,0,159622.09,159622.09
221,0.78350919,0.60086459,0.82773787,0.17618184,-0.52007592,0.11546025,2.9688103,1.7023171,6.2614517,22.988346,18.011581,13.812883,81.128456,149.40485,61.649612,5.0446849,1.6361156,4.2117758,0,10,0.79504442,2,0,0,22882.887,22882.887
222,0.86213857,0.65949684,0.12357926,-0.76124328,0.3628847,0.52302152,3.9841497,1.2369996,0.21939436,32.915977,28.378134,21.707983,107.85076,90.975342,77.428391,1.3892205,1.7216005,2.7788925,0,24,0.68271101,2,0,0,78694.805,78694.805
223,0.7156294,0.69782358,-0.68426001,-0.4033595,-0.30487058,0.52549338,2.4590988,2.0444596,6.1612535,28.59366,20.462465,19.953331,36.405212,24.104811,44.142544,4.7336564,1.5733088,2.8468575,0,15,0.76272297,2,0,0,46323.895,46323.895
224,0.34498122,0.28753287,0.30510157,0.53287369,-0.2453364,0.75017911,2.8802066,1.5668709,4.7545147,78.742859,27.164808,22.641161,186.6358,207.0562,212.8031,4.5084643,1.3223304,2.4068673,0,23,0.053011011,2,1,1,112740.08,112740.08
225,0.69101876,0.63654327,-0.48771861,0.23915973,0.7044062,0.45688638,3.8395033,0.86674571,0.87600636,23.83202,16.468372,15.170112,38.284992,125.76414,174.54663,1.4901018,2.0391788,3.3758419,0,10,0.57476485,2,0,0,22324.768,22324.768
226,0.77387673,0.59071112,0.76725978,-0.13799053,0.61843687,0.099029489,1.3755566,1.8830049,6.1719866,27.601301,21.360004,16.304396,74.463264,218.9097,188.88222,1.5516309,1.7879572,1.9075233,0,12,0.74397492,2,1,1,37952.105,37952.105
227,0.93351859,0.60651761,-0.5084154,-0.50805557,-0.50496107,0.47792009,0.18464133,0.44479477,6.1127696,24.445959,22.820759,14.826905,214.35545,209.01102,41.022213,1.5979474,1.6040158,0.027859051,0,10,0.65257084,2,1,1,31812.795,31812.795
228,0.79115027,0.70864302,-0.39172408,0.67501009,0.21920818,0.58554375,3.2627897,1.8023891,0.58574188,25.704206,20.33589,18.215105,47.583813,52.063713,31.238232,1.5624269,1.6682613,1.0806791,0,12,0.78026307,2,0,0,37952.105,37952.105
229,0.77434337,0.6286338,0.089069471,-0.63614351,0.17447726,0.74628794,0.95141172,1.4462682,5.9137201,20.992439,16.255356,13.196556,107.29062,15.180208,129.41769,1.4802386,1.395118,4.3436103,0,11,0.7609247,2,1,1,17859.814,17859.814
230,0.85356754,0.69313329,-0.80121714,0.034167755,0.58348364,0.12818122,0.87686914,1.4863869,4.55303,20.196955,17.239466,13.999183,9.9284306,205.34903,175.56371,4.8860173,1.8610892,4.9712553,0,10,0.69346505,2,1,1,18976.053,18976.053
231,0.70546424,0.53231156,-0.51659518,0.52111119,0.51124895,0.4474338,2.1829457,0.22450235,2.8095241,17.535259,12.370498,9.3342209,75.864273,6.4690475,153.49284,4.6415696,1.6477271,6.2210698,0,6,0.66365868,2,1,1,7813.6689,7813.6689
232,0.83536512,0.63240778,0.12357926,-0.76124328,0.3628847,0.52302152,2.5137203,1.3532255,5.9232097,22.20759,18.551445,14.044252,39.931667,24.90584,75.952477,4.38135,1.5513717,0.4130047,0,14,0.6631363,2,0,0,22324.768,22324.768
233,0.87869334,0.61560935,0.012647705,-0.7876209,0.26437509,0.55641639,3.1088247,0.19737999,3.1504779,23.537872,20.682571,14.490133,141.44868,193.81262,74.264641,4.6585841,0.90003544,3.3255544,0,15,0.75131381,2,0,0,27905.961,27905.961
234,0.95246726,0.85783935,-0.657561,0.40984079,0.51543015,0.36602712,5.8564391,0.61372793,5.3603344,31.438864,29.94449,26.969496,43.371189,169.4357,174.92462,1.5223054,1.1832339,4.0617266,0,19,0.81689143,2,0,0,102135.81,102135.81
235,0.088602059,0.070268191,0.23219275,-0.58253407,0.35142472,0.69515556,1.582574,1.7495583,0.012648659,149.68684,13.262563,10.518224,223.97704,135.08762,71.050598,1.4820223,1.3556595,3.8650329,0,12,0.0048572831,2,1,1,30138.438,30138.438
236,0.10575179,0.078031071,0.040328279,0.69320101,-0.20705479,0.68918371,3.1434965,2.091012,0.00641699,153.39526,16.221823,11.969597,120.34894,214.16821,212.33859,4.9461331,1.5350969,1.9207633,0,15,0.0062468546,2,1,1,45207.656,45207.656
237,0.91159391,0.77512807,-0.64557618,-0.29344621,-0.70133173,0.072487801,2.4241979,1.7723118,6.021965,15.902764,14.496863,12.326679,170.84166,187.72,156.43335,4.9413099,1.1751251,4.492878,0,9,0.7250669,2,0,0,11162.384,11162.384
238,0.18667275,0.15356672,0.63809866,-0.13013779,0.66314268,0.36896616,3.0844343,0.083003625,3.0929029,108.75159,20.300959,16.700626,36.877018,164.59752,27.60589,1.8773454,1.4184189,2.2797196,0,19,0.014706247,2,1,1,66416.188,66416.188
239,0.83989012,0.76660782,-0.16575368,0.57456857,0.17972866,0.78108531,0.14357218,0.4551225,4.1972771,25.860044,21.719597,19.824512,43.59444,157.1723,90.249947,4.7036433,2.0179269,4.2842078,0,16,0.70834887,2,0,0,43533.297,43533.297
240,0.70248431,0.56185299,-0.657561,0.40984079,0.51543015,0.36602712,1.0995418,1.2927303,3.9883902,38.797112,27.254364,21.798275,175.84407,91.913887,153.38951,1.8299124,1.5657709,4.8282528,0,23,0.78944826,2,0,0,92089.672,92089.672
241,0.94969118,0.75620967,0.35202911,0.29876629,-0.7416622,0.48657095,1.0993325,1.3757145,4.172174,26.951849,25.595934,20.381248,148.11606,17.138771,32.51326,4.8355069,0.95986766,3.4280319,0,14,0.6908291,2,1,1,54695.684,54695.684
242,0.91472524,0.73089933,0.12357926,-0.76124328,0.3628847,0.52302152,2.757026,1.620199,5.2619967,20.167345,18.447578,14.740299,43.116669,56.549999,205.18329,4.6363463,1.8075361,1.4514378,0,11,0.67086917,2,0,0,21208.529,21208.529
243,0.72568667,0.44022194,-0.16575368,0.57456857,0.17972866,0.78108531,3.0780468,2.0856149,5.6222534,29.654589,21.519939,13.054601,141.50171,109.54516,122.80227,4.6682301,1.3014951,1.1244315,0,15,0.74811667,2,0,0,32929.031,32929.031
244,0.84639686,0.78844488,-0.47326195,0.38143167,0.54230326,0.58003461,3.6826017,1.1046748,6.1918235,24.257944,20.531847,19.126051,215.76164,118.2936,157.64412,4.8530264,1.3066701,6.2097592,0,12,0.7783947,2,1,1,37952.105,37952.105
245,0.90034819,0.69907767,0.12357926,-0.76124328,0.3628847,0.52302152,3.3904572,2.1572821,5.7251902,21.996538,19.804543,15.377289,106.68293,110.53684,106.50776,4.5537286,2.1174514,1.9363805,0,13,0.71398062,2,0,0,26231.602,26231.602
246,0.76335919,0.70840693,0.51695341,-0.30916783,0.55200511,0.57659751,0.7993387,1.2322797,0.3144719,27.415512,20.927883,19.421339,157.66841,224.04948,45.283314,1.8389914,1.2928839,2.9169712,0,15,0.80100912,2,1,1,44649.535,44649.535
247,0.83478916,0.63610452,-0.506598,0.12273873,0.79754603,0.3036676,0.87722743,1.4112737,4.2253838,22.717804,18.964577,14.450898,173.64844,226.79082,154.18781,4.8384933,1.0966408,5.3138933,0,11,0.74034357,2,1,1,24557.244,24557.244
248,0.87477827,0.73373932,0.11911403,-0.70697033,0.24210806,0.65374959,1.2058789,1.1202266,4.4827752,27.059851,23.67137,19.854876,189.55168,90.196632,92.601814,1.1222663,1.9907534,2.154891,0,14,0.70479387,2,0,0,49672.609,49672.609
249,0.9198674,0.5555706,-0.19124374,0.74483663,0.1346503,0.62491077,1.792417,2.1254277,5.2307925,19.130981,17.597967,10.628611,173.64845,223.79692,9.7303019,4.7514925,1.7545401,1.1072395,0,8,0.36891294,2,1,1,12278.622,12278.622
250,0.90615791,0.80623746,-0.657561,0.40984079,0.51543015,0.36602712,5.9969807,0.52846551,5.2709475,33.764702,30.596153,27.222368,91.615944,173.26317,160.30783,1.5895232,1.8755844,3.0405104,0,20,0.84345955,2,0,0,113856.32,113856.32
251,0.74741423,0.50202036,-0.63513476,0.2508302,0.71472657,0.15117534,4.5192385,0.28950465,5.7178669,25.836462,19.310539,12.97043,181.3123,189.54564,97.368111,1.9203337,2.0531416,5.4646401,0,14,0.76220477,2,0,0,25673.482,25673.482
252,0.80982769,0.70021552,0.23609863,0.74393338,-0.055464149,0.62269121,3.6026757,1.6359653,4.6032705,33.143116,26.840212,23.207325,190.78621,180.39516,62.119099,4.4939151,1.7909287,1.9669447,0,18,0.71781075,2,0,0,80927.281,80927.281
253,0.85167629,0.59104282,-0.48771861,0.23915973,0.7044062,0.45688638,1.4111153,2.0138373,4.4204807,25.472506,21.694328,15.055342,139.96671,107.6011,46.418976,1.2534605,1.632754,3.0211101,0,15,0.69149536,2,0,0,32370.914,32370.914
254,0.83365124,0.79882908,0.0058116624,-0.73725551,0.10619223,0.66719097,3.4714696,1.5453998,6.0980005,25.190399,21.000008,20.122824,87.117577,219.62961,44.059441,1.4208397,1.6580659,4.5466671,0,18,0.68176299,2,1,1,41300.82,41300.82
255,0.11127254,0.080771178,0.52414763,-0.55404449,0.53906178,0.35737428,3.11901,2.1699579,6.2565169,144.85777,16.118692,11.700334,100.57332,113.8733,26.600002,1.343106,1.7349243,2.9693456,0,14,0.0032019115,2,1,1,36277.75,36277.75
256,0.78919345,0.7310034,-0.657561,0.40984079,0.51543015,0.36602712,3.1521096,1.7352707,4.4584451,20.289724,16.012518,14.831859,124.71078,123.98431,61.023525,4.4493885,1.1403186,1.9312687,0,12,0.73439455,2,0,0,18976.053,18976.053
257,0.67955673,0.62044209,0.44365245,0.53423411,-0.21244781,0.6874826,3.7379453,0.69535929,4.5334387,29.422611,19.994333,18.255026,38.941441,60.414856,110.03735,1.7248801,1.8326948,1.9882653,0,20,0.6523751,2,0,0,41300.82,41300.82
258,0.7874406,0.70828432,-0.657561,0.40984079,0.51543015,0.36602712,2.2575598,2.232518,5.0505471,23.674013,18.64188,16.767933,207.93195,144.48694,57.471901,5.070209,1.3645225,1.1906648,0,12,0.65288585,2,0,0,28464.08,28464.08
259,0.16731295,0.13775235,0.15486525,-0.72071844,0.38417432,0.55587023,0.022688491,0.5705418,0.013590626,143.53745,24.015673,19.772621,67.37323,95.191345,156.18802,1.1777114,1.6577426,3.8959882,0,29,0.020460205,2,1,1,131158.02,131158.02
260,0.075415738,0.069481574,-0.26483747,0.37103957,0.54953235,0.70014632,0.00052736152,0.10233695,0.00086006464,146.38879,11.040019,10.171324,153.8136,150.81966,218.37035,4.6668434,0.9466787,0.28543302,0,9,0.0057700532,2,1,1,24557.244,24557.244
261,0.27070674,0.19292247,-0.38325348,-0.7265048,-0.17332177,0.54338485,4.4300046,0.05220294,0.29924986,87.089005,23.575583,16.801426,140.72145,27.169985,107.17052,1.394133,1.9277109,5.5065832,0,19,0.021391358,2,1,1,66974.305,66974.305
262,0.93026406,0.82030231,0.012647705,-0.7876209,0.26437509,0.55641639,3.6631768,1.5810164,5.7528834,25.179844,23.423904,20.655085,155.66753,59.356594,208.41817,1.747884,2.1317093,4.2939258,0,15,0.73618615,2,0,0,47998.25,47998.25
263,0.93003851,0.84019208,-0.53615713,-0.32985979,-0.44453952,0.63726974,0.50260717,0.9879598,5.6627321,24.219442,22.525015,20.348984,43.594437,188.62772,45.388874,1.1251624,1.761476,3.9448855,0,12,0.71912587,2,0,0,43533.297,43533.297
264,0.87258607,0.78233433,-0.22796409,-0.83264184,-0.039590273,0.5031625,4.4771261,0.8331548,5.6915107,25.125334,21.924015,19.65641,108.65829,152.96672,224.89993,1.382082,2.083483,5.0581455,0,11,0.71544951,2,1,1,42417.059,42417.059
265,0.80645484,0.61262482,-0.49292675,-0.53311992,-0.28759632,0.62457567,5.5065427,0.51714605,4.8876166,20.873446,16.833492,12.787592,203.17741,43.556992,190.96027,1.4465173,1.5249817,6.1269917,0,11,0.6564694,2,0,0,17301.695,17301.695
266,0.92107511,0.75596106,-0.15070112,0.56439108,0.21557738,0.78248215,2.9437847,1.7287165,4.2409472,19.288422,17.766085,14.581295,71.584259,107.03331,96.512939,4.7693591,1.6786474,4.728838,0,12,0.81523323,2,0,0,20092.291,20092.291
267,0.90830415,0.79725409,0.64052308,0.2947349,-0.67189395,0.22676016,0.35224116,0.53196919,4.4510846,23.361647,21.219482,18.625168,13.300003,74.100014,189.49323,4.8181586,1.5650731,3.9556382,0,13,0.72621685,2,1,1,36277.75,36277.75
268,0.83278757,0.79650587,-0.54686773,-0.17974563,-0.8033663,0.15241301,3.3749473,1.5858243,0.75645095,27.459351,22.867805,21.871534,207.76555,106.69721,124.67621,4.9199562,1.6233292,3.3512263,0,14,0.77687681,2,0,0,54695.684,54695.684
269,0.83539355,0.71479058,0.12357926,-0.76124328,0.3628847,0.52302152,2.3202372,1.3289063,5.3569307,23.410147,19.556684,16.733353,130.05618,54.279007,53.821609,4.3190713,1.535256,2.5635421,0,14,0.73071671,2,0,0,30138.438,30138.438
270,0.96977282,0.78248703,0.12357926,-0.76124328,0.3628847,0.52302152,3.2866294,1.7076526,4.0489035,17.967646,17.424534,14.059449,72.727776,172.35107,93.311104,1.4946653,1.4584521,2.958694,0,9,0.61758238,2,0,0,16743.576,16743.576
271,0.76146793,0.59833992,0.52968949,-0.014756538,0.81814831,0.22325893,2.7956395,1.4038719,5.8477292,19.730474,15.024123,11.805531,166.38193,205.83336,74.099998,4.5810361,1.4127108,2.45574,0,9,0.6370697,2,0,0,13394.861,13394.861
272,0.67361116,0.45734718,0.031654555,-0.77243525,0.11149907,0.62442756,1.0533922,1.7956333,4.8232532,24.512495,16.511889,11.21072,206.89569,75.959145,176.61826,1.7264942,1.8747809,0.65195131,0,11,0.62504494,2,0,0,17301.695,17301.695
273,0.94205564,0.0962556,0.69789118,-0.3548148,0.59858966,0.16954288,3.1607878,1.5631233,5.4734225,104.55602,98.497589,10.064102,134.93517,189.30135,119.84071,1.3764515,1.7986542,2.3171573,0,19,0.0001115055,2,1,1,70323.016,70323.016
274,0.79960412,0.61331952,-0.657561,0.40984079,0.51543015,0.36602712,5.497787,2.6000025,1.4234946,11.358198,9.0820618,6.9662046,36.226662,11.526666,125.14665,4.9849544,1.3664955,4.0766883,0,3,0.68484354,2,0,0,2790.5959,2790.5959
275,0.28251502,0.23943117,0.79102242,-0.13241398,0.55908424,0.21017832,4.8457928,0.10898772,6.1560254,55.715954,15.740595,13.340137,108.13109,12.624444,203.27185,1.7645267,1.8613677,2.0962431,0,11,0.03535489,2,1,1,25115.363,25115.363
276,0.12902319,0.099929027,0.69886881,-0.32497805,0.3190603,0.55151808,1.5472366,1.9211563,6.2794971,135.59399,17.49477,13.549775,25.431847,174.82104,132.55673,2.18186,1.7599795,3.0523849,0,16,0.0072277067,2,1,1,50230.727,50230.727
277,0.08938314,0.061020989,-0.56144941,-0.39961252,-0.62811339,0.36132813,1.5648819,0.73856848,3.1539381,148.99066,13.317253,9.0915575,44.144676,141.01768,93.01915,1.6673366,1.5206064,0.43019772,0,11,0.0050422153,2,1,1,26231.602,26231.602
278,0.8130042,0.56111258,0.40258235,-0.64628524,0.055489223,0.64588219,4.2459307,0.81613904,5.7275572,18.902964,15.368189,10.606691,154.93637,126.1197,82.333321,1.4852767,1.2098868,5.2713385,0,7,0.77918839,2,0,0,12278.622,12278.622
279,0.86726773,0.80151659,-0.657561,0.40984079,0.51543015,0.36602712,3.1750119,1.7296129,5.0437536,22.045746,19.119566,17.670033,160.16159,157.67606,157.52068,1.6756839,1.9815933,1.1764437,0,13,0.76624972,2,0,0,29580.318,29580.318
280,0.14201237,0.11444505,-0.39313835,0.60723156,0.49571741,0.4806,2.9195211,1.5334656,4.7031775,160.36269,22.773487,18.352715,22.257557,42.230301,117.7092,4.4860725,1.617389,0.19535071,0,25,0.012381053,2,1,1,116646.91,116646.91
281,0.1433057,0.10815323,0.50488764,-0.54151052,0.52343017,0.42175317,3.1440129,2.1425436,0.023056289,91.414635,13.100239,9.8867884,26.811113,223.56657,94.366646,1.4286498,1.667236,3.0694156,0,10,0.016284108,2,1,1,21766.648,21766.648
282,0.87111288,0.74343759,-0.657561,0.40984079,0.51543015,0.36602712,3.6452787,0.51186532,1.3762342,27.195763,23.690578,20.218351,171.58627,192.60736,122.44894,4.5089846,1.363781,1.9119396,0,15,0.82170832,2,0,0,52463.203,52463.203
283,0.41449836,0.16236682,0.51515818,-0.44354877,0.60268366,0.41791019,1.5707964,1.5707963,5.3171854,25.665192,10.638181,4.1671758,172.89999,223.47618,11.761904,1.4662466,1.4949706,2.8879323,0,6,0.37018052,2,1,1,3906.8345,3906.8345
284,0.92267638,0.64924991,-0.657561,0.40984079,0.51543015,0.36602712,4.8571134,0.71998781,4.8375678,27.696882,25.55526,17.982199,92.014282,77.266701,207.64288,4.9238892,1.8519754,4.0579638,0,17,0.78456473,2,0,0,50788.848,50788.848
285,0.82005638,0.67282337,-0.657561,0.40984079,0.51543015,0.36602712,1.3888057,1.939577,5.2177253,21.670317,17.770882,14.580295,57.844444,199.92226,84.655563,1.859949,1.6357439,2.0274484,0,13,0.67890984,2,0,0,21766.648,21766.648
286,0.80598718,0.69644159,-0.13372242,-0.69011343,-0.19511601,0.68395287,4.5007577,0.68699825,5.7463517,21.415691,17.260773,14.914778,221.6499,126.75,11.049999,1.6572946,1.5590725,5.1816812,0,11,0.65322673,2,1,1,21208.529,21208.529
287,0.78124338,0.52685136,-0.23087628,-0.62025005,-0.51153195,0.54801553,3.4255648,1.2391726,3.7151902,24.92293,19.470873,13.130679,22.138521,74.64888,122.03631,1.965434,1.4465046,5.8197083,0,13,0.73772722,2,1,1,25115.363,25115.363
288,0.099394947,0.070297681,0.2581751,0.68029004,-0.01004527,0.68589371,1.5927048,2.0803158,6.279068,151.90965,15.099051,10.678896,170.97034,122.08487,187.95146,4.3643169,1.6297283,1.9481573,0,12,0.0051142825,2,1,1,35719.629,35719.629
289,0.17888725,0.17233621,-0.25437182,0.65338939,0.24104719,0.67102414,2.4006655,1.5372844,4.7104645,96.330505,17.2323,16.601234,171.95667,189.02357,31.132288,4.7387795,1.5540411,0.85467082,0,20,0.021543225,2,1,1,53579.445,53579.445
290,0.08526957,0.069130115,-0.84237552,-0.13553718,-0.52087724,0.026833996,1.5383765,0.71050864,3.1625791,145.04106,12.36759,10.026706,212.52287,151.459,96.570122,1.6788564,2.0442173,1.3597934,0,10,0.0056849481,2,1,1,26789.723,26789.723
291,0.11728118,0.10095722,0.59607387,-0.4104481,0.51674789,0.45738384,0.0035121425,0.57863975,0.0083514294,155.43878,18.230045,15.692668,98.190109,138.68594,187.47597,1.692305,1.6183577,2.8983538,0,20,0.010830318,2,1,1,75346.094,75346.094
292,0.65666783,0.56376284,0.16050707,0.57196945,-0.08113119,0.80031633,2.8250525,1.893747,4.6761055,23.207529,15.239638,13.083543,139.43547,212.20744,212.20744,4.5398326,1.2722021,1.9454101,0,9,0.56670308,2,1,1,17301.695,17301.695
293,0.8386538,0.71293825,-0.62612456,-0.62510878,-0.36207956,0.2934373,1.2268327,1.5221534,3.8162692,27.591351,23.139591,19.670929,223.7195,174.50885,38.800739,1.674319,2.1719398,0.10514633,0,12,0.66991639,2,1,1,48556.371,48556.371
294,0.89452857,0.75620311,0.16949143,0.60704422,-0.053426776,0.77454215,1.3120285,0.39409828,1.573626,32.116253,28.728905,24.286409,88.816971,141.04727,96.844528,4.6317716,1.3683404,5.2418242,0,18,0.77939123,2,0,0,89299.07,89299.07
295,0.90385872,0.68408996,-0.36873749,0.55868506,0.5082624,0.5418238,3.4602795,1.5149664,4.7659507,17.739483,16.033987,12.135402,89.194435,58.662487,76.158333,1.1876607,1.5651424,5.0056353,0,9,0.68244082,2,0,0,13394.861,13394.861
296,0.25548619,0.17096648,-0.20085062,-0.70947146,-0.064497411,0.6724205,1.5508482,0.3929002,3.1541994,69.210724,17.682386,11.832714,191.34265,17.784,221.97057,1.3905419,1.6582894,5.0838947,0,12,0.020608606,2,1,1,27905.961,27905.961
297,0.91933501,0.77157468,0.42764983,-0.63233471,0.5542475,0.33178031,1.4128,1.7669716,4.2457757,23.304251,21.424412,17.98097,112.35329,117.67332,222.17322,1.1340439,1.7370239,3.0863481,0,10,0.83555073,2,1,1,36277.75,36277.75
298,0.85615432,0.64858782,-0.657561,0.40984079,0.51543015,0.36602712,2.1611078,1.93416,4.679565,35.164455,30.106201,22.807238,159.47183,74.688004,89.684532,4.7099695,2.1404293,3.0978899,0,24,0.68481833,2,0,0,93764.023,93764.023
299,0.8880682,0.52627891,0.16949143,0.60704422,-0.053426776,0.77454215,1.1532186,1.6684008,5.9298735,26.200251,23.267609,13.78864,72.822418,205.26543,124.06784,4.612812,1.4783138,0.3503958,0,11,0.65680832,2,0,0,32370.914,32370.914
300,0.86418372,0.55450141,0.61247993,-0.57221723,0.39440274,0.37667263,4.7864671,0.29870516,0.31854391,28.81163,24.898542,15.976089,86.710556,124.43797,43.563679,5.1618671,1.513286,3.2705855,0,12,0.65353084,2,0,0,44091.418,44091.418
301,0.82137114,0.67617542,-0.42638618,0.55058962,0.55492038,0.45509264,1.695232,1.6209753,6.1007814,27.038212,22.208406,18.282574,219.15825,174.85005,94.466614,5.1507716,1.5682498,1.2638307,0,14,0.66772282,2,0,0,42417.059,42417.059
302,0.90021485,0.76633459,-0.657561,0.40984079,0.51543015,0.36602712,0.72719741,0.037545923,0.82974601,27.442692,24.704319,21.030285,189.61119,157.9008,108.58214,1.9122413,1.5893543,4.0090051,0,16,0.74916053,2,0,0,56370.039,56370.039
303,0.10675302,0.096024215,-0.38265485,0.36396512,0.70567119,0.47236934,1.5538157,1.7361386,0.01379289,152.20596,16.248447,14.615458,190.27226,140.54295,73.441429,4.5419035,1.112736,6.0626454,0,15,0.0068063173,2,1,1,55811.922,55811.922
304,0.73745561,0.68738157,-0.657561,0.40984079,0.51543015,0.36602712,1.1301101,0.93628544,3.5935938,35.351067,26.069841,24.299673,97.5168,192.84178,123.76729,4.4443293,1.1958863,4.2458658,0,20,0.64578605,2,0,0,85950.359,85950.359
305,0.78833246,0.57528549,-0.56705803,0.40073803,0.56097639,0.4507325,2.8068936,0.96523976,4.2220106,21.951345,17.304958,12.62829,10.170588,102.43235,76.521561,4.7740412,1.5350802,6.0044537,0,5,0.75111222,2,1,1,18976.053,18976.053
306,0.95401353,0.91113621,0.12357926,-0.76124328,0.3628847,0.52302152,3.5668952,1.9932783,0.019553885,32.060364,30.586021,29.211359,139.9666,141.67686,107.3514,1.3830369,1.5987904,4.1907945,0,25,0.82761347,2,0,0,115530.67,115530.67
307,0.12088259,0.089340687,0.29372847,0.65190184,-0.2497873,0.6529578,3.5588119,1.5586871,4.6902747,150.87369,18.238003,13.479159,141.58113,77.005943,144.80977,4.6544309,1.5933031,2.3594966,0,18,0.0066057891,2,1,1,56928.16,56928.16
308,0.75822067,0.63808918,0.35352629,0.56104004,-0.5320279,0.52649742,2.7203424,2.2400327,4.6709328,26.099253,19.788994,16.65365,61.547543,224.05453,142.2612,4.9407344,1.4499962,2.9236965,0,8,0.75341582,2,1,1,34045.27,34045.27
309,0.66480517,0.50817013,0.56430012,-0.40229332,0.71779662,0.067033648,0.79422599,1.5699891,5.8574834,25.364063,16.86216,12.889258,132.36668,210.2666,179.65555,4.6344328,1.8404422,2.8680058,0,9,0.74424368,2,0,0,21766.648,21766.648
310,0.87321568,0.48487195,0.72960138,-0.41417688,0.54293728,0.036858015,2.6252108,0.024139663,2.2663252,22.45182,19.605282,10.886258,76.521568,187.91373,37.292156,4.6795421,1.6005121,5.5194345,0,9,0.75521421,2,0,0,18976.053,18976.053
311,0.1134052,0.082102664,0.62849903,0.1458708,-0.68969107,0.32868958,1.5644822,1.4084001,0.0052415477,151.02005,17.126457,12.399148,106.12851,149.10471,95.995171,4.4957128,1.4025829,4.0396004,0,14,0.0077255415,2,1,1,50788.848,50788.848
312,0.87230527,0.8278411,0.46196824,-0.51793927,0.63674557,0.33597532,3.0988004,1.5366353,4.6728354,35.380157,30.862299,29.289148,134.45287,158.70584,197.04117,1.2138594,1.5341395,2.8987691,0,25,0.66172761,2,1,1,123344.34,123344.34
313,0.95713001,0.11222482,0.8228488,-0.23691633,0.48008752,0.19054265,2.9593861,0.0085204989,1.5288569,100.9337,96.606674,11.327266,131.66795,112.97961,208.18571,1.6682805,2.0560343,2.2289598,0,17,8.1133898e-05,2,1,1,70323.016,70323.016
314,0.83735275,0.57002681,-0.48409411,-0.50387347,-0.38974869,0.59988362,3.9963741,1.3075356,6.2421608,29.136358,24.397409,16.608505,225.24045,95.663483,81.35318,1.3815851,1.5472654,6.0539389,0,12,0.76566797,2,1,1,46882.012,46882.012
315,0.82636726,0.74160177,0.018421993,0.8538608,-0.12018763,0.50610018,4.0047007,0.4384388,0.7057963,18.299206,15.121864,13.570723,164.97159,43.301235,230.83821,4.9239764,2.0474801,1.825527,0,8,0.80687785,2,1,1,15069.219,15069.219
316,0.83900136,0.69706357,-0.657561,0.40984079,0.51543015,0.36602712,3.3152487,1.9276371,4.3856573,25.69809,21.560732,17.9132,121.26522,208.42082,41.637135,1.7487121,1.4749587,1.1590999,0,17,0.73281521,2,0,0,39068.344,39068.344
317,0.89556444,0.69283634,-0.12420417,-0.5784353,-0.06811069,0.80333483,1.9228076,1.9201586,0.21710663,19.287193,17.272924,13.362868,73.037636,172.89998,224.69029,1.4438663,1.2661332,5.0084844,0,10,0.68758631,2,1,1,17301.695,17301.695
318,0.84232748,0.64068514,0.12357926,-0.76124328,0.3628847,0.52302152,2.8198178,2.1927607,5.134059,18.91963,15.936524,12.121526,140.28329,73.783333,158.33334,1.7055125,1.8584952,1.0896622,0,9,0.76513964,2,0,0,14511.1,14511.1
319,0.87098962,0.72500539,0.72814912,-0.19075169,0.65833443,0.0029117188,3.6827488,1.8804579,5.3503566,24.888046,21.677231,18.043968,155.24013,42.359905,111.68692,1.3190087,1.7043678,1.8314296,0,14,0.75128347,2,0,0,38510.227,38510.227
320,0.78997678,0.63391823,-0.53615713,-0.32985979,-0.44453952,0.63726974,3.5182722,1.8834397,3.8579853,26.883541,21.237373,17.041967,213.57501,53.086548,169.21342,4.5597734,1.4016476,6.0611811,0,17,0.65017605,2,0,0,37393.988,37393.988
321,0.90553629,0.83680493,-0.6219911,0.3340562,0.69180089,0.15147668,1.5238234,2.2113941,5.9029365,32.052399,29.024611,26.821608,191.8367,89.971916,20.491856,4.4350805,1.5677291,5.4208131,0,17,0.82034302,2,1,1,100461.45,100461.45
322,0.84917051,0.70468599,-0.19584967,0.64409155,0.3676503,0.6415779,2.0744548,1.6287582,4.9789987,18.541544,15.744932,13.065966,29.579016,138.44196,193.63586,1.7008653,1.2267973,1.065748,0,8,0.74622482,2,0,0,15069.219,15069.219
323,0.74441606,0.57205486,-0.69459701,0.30635515,-0.64737117,0.067765772,3.647316,1.8988925,4.2788272,24.02717,17.886213,13.74486,71.35556,59.985718,159.96187,1.1246766,1.6382954,5.1615162,0,14,0.76318794,2,0,0,23441.006,23441.006
324,0.73825639,0.56481284,-0.657561,0.40984079,0.51543015,0.36602712,6.2010312,0.59807491,4.9686017,18.339718,13.539413,10.358507,71.812958,42.081482,173.35739,1.3286561,1.8624998,1.7936813,0,7,0.70486498,2,0,0,10046.146,10046.146
325,0.73686439,0.59722143,0.031654555,-0.77243525,0.11149907,0.62442756,0.32025939,0.36197668,3.9614775,30.030342,22.12829,17.934765,108.38936,219.78152,191.98178,1.4350537,1.7673764,4.4947319,0,14,0.77493846,2,1,1,47440.133,47440.133
326,0.70457643,0.63450271,0.17380282,0.70225942,0.07971891,0.68576181,2.6360714,1.4549217,4.4503384,14.185584,9.9948273,9.0007915,235.10736,71.355553,157.34813,4.354044,1.6175647,1.6976827,0,6,0.7326358,2,1,1,5023.0728,5023.0728
327,0.72875375,0.15458919,-0.28316244,0.66317374,0.22858895,0.65403879,1.5773861,1.5478654,6.156414,117.36108,85.527321,18.142754,210.38979,134.87753,52.037849,4.7797036,1.6107677,0.8310166,0,26,0.00059064047,2,1,1,172458.83,172458.83
328,0.6603471,0.56744903,-0.32237762,-0.52702427,-0.61484683,0.4901852,1.8165598,1.6817206,5.9850855,27.511435,18.167097,15.611337,230.99928,140.89873,100.81947,1.9195585,1.331894,6.1590986,0,11,0.60726309,2,1,1,29580.318,29580.318
329,0.7947883,0.68711853,0.012647705,-0.7876209,0.26437509,0.55641639,5.7103972,0.41435561,4.784307,29.167324,23.181849,20.041409,127.57243,64.627266,181.75294,4.8799992,1.790738,0.6867553,0,18,0.63935512,2,0,0,51905.086,51905.086
330,0.98279011,0.81565213,0.623559,0.0026274261,-0.73355949,0.27029192,5.5046821,0.21752135,4.9476776,26.245678,25.793991,21.407343,89.537483,174.56256,201.79573,1.6480498,1.5297133,4.2000232,0,15,0.79921389,2,0,0,58044.398,58044.398
331,0.84478438,0.66133398,0.12357926,-0.76124328,0.3628847,0.52302152,2.7683678,2.360198,0.035067249,32.2826,27.271833,21.349579,43.209507,204.47144,157.17632,2.068248,1.7890158,5.2973051,0,16,0.74488503,2,0,0,74229.852,74229.852
332,0.88632965,0.70299184,0.12357926,-0.76124328,0.3628847,0.52302152,1.6146585,2.0342581,5.230855,24.986296,22.146095,17.565163,135.19377,71.832855,110.49368,1.162701,1.7605921,5.2790871,0,15,0.75714856,2,0,0,38510.227,38510.227
333,0.72493672,0.67773199,-0.66044712,0.43755177,0.57912391,0.19228533,0.97489685,1.6461648,5.9914083,20.172251,14.623606,13.67138,49.683903,93.973564,50.251713,4.5846219,1.7184663,3.0552123,0,9,0.80737603,2,0,0,16185.457,16185.457
334,0.77650958,0.7473318,0.12357926,-0.76124328,0.3628847,0.52302152,4.5820632,0.39864603,6.1206999,21.591026,16.765638,16.13566,118.07803,80.927643,23.896755,4.2965326,1.7601895,3.0967524,0,14,0.71566635,2,0,0,22882.887,22882.887
335,0.80128032,0.66462022,-0.50768971,-0.49407208,-0.54312766,0.4507286,1.6490028,1.7328446,4.4829102,22.272753,17.846718,14.802922,74.688095,203.67697,221.90785,1.6499072,1.5745085,0.10629661,0,11,0.77810758,2,1,1,23441.006,23441.006
336,0.093210533,0.081971385,0.71210063,0.13765758,-0.62935299,0.27906618,1.3262235,1.5930103,4.7178483,143.47401,13.37329,11.760764,18.672029,153.93391,151.14043,4.4859791,1.6228936,4.1040659,0,14,0.0039527258,2,1,1,31254.676,31254.676
337,0.10267121,0.09359242,-0.607898,0.42834735,0.36775097,0.55833483,0.088843465,0.20232344,0.10247223,145.31702,14.919873,13.600571,140.77838,36.992016,25.627701,5.0869174,1.6770389,0.031394389,0,12,0.0033985206,2,1,1,39626.465,39626.465
338,0.79475677,0.61301172,-0.657561,0.40984079,0.51543015,0.36602712,5.9818521,0.24555363,5.7319851,15.865243,12.60901,9.7255802,31.757139,49.39999,85.861893,1.5817789,1.9879156,3.08463,0,9,0.8102439,2,0,0,7813.6689,7813.6689
339,0.2025127,0.16498525,0.045318931,0.6810593,0.24021409,0.69021851,1.8911214,0.23306,2.8070893,102.15031,20.686737,16.853296,98.676117,203.60484,162.00485,4.3110299,1.5025345,1.302325,0,20,0.030504726,2,1,1,74229.852,74229.852
340,0.68440908,0.52913231,-0.47577387,0.50250334,0.65348524,0.30673546,1.0940001,1.027787,0.73446667,22.181417,15.181164,11.736904,174.11972,206.13828,40.556789,1.2560748,1.6252104,5.8901582,0,11,0.62484312,2,0,0,15069.219,15069.219
341,0.94520921,0.82082587,0.16889493,0.8113941,-0.11871064,0.54682904,4.8064208,0.67853844,5.5094666,23.301525,22.024815,19.126495,41.637138,206.65654,106.56281,1.5898128,1.3717068,2.1954017,0,15,0.77450103,2,0,0,39068.344,39068.344
342,1,1,-0.39313835,0.60723156,0.49571741,0.4806,nan,nan,nan,4.8992314,4.8992314,4.8992314,189.36665,90.566658,205.83331,4.911962,1.9416569,5.5012531,0,1,1,2,0,0,558.1192,558.1192
343,0.8790189,0.75496823,-0.19584967,0.64409155,0.3676503,0.6415779,0.58774757,0.53768927,3.9591577,22.029858,19.36466,16.631842,109.77775,41.005226,78.135918,4.7564349,1.26796,5.13556,0,12,0.80581045,2,0,0,28464.08,28464.08
344,0.93833417,0.66467255,-0.47577387,0.50250334,0.65348524,0.30673546,1.7958471,2.1333926,5.2285504,18.677282,17.525532,12.414277,74.394043,77.334518,74.099998,1.6827259,1.3178687,3.0638449,0,10,0.65230441,2,0,0,15627.338,15627.338
345,0.087063193,0.067798026,-0.44187838,0.44400427,0.68076062,0.3796955,1.7219507,1.582077,4.7003412,143.31012,12.477037,9.7161436,139.76587,127.51626,143.78209,4.4333663,1.3538921,6.0089622,0,11,0.0030739713,2,1,1,22882.887,22882.887
346,0.091087677,0.068066336,-0.57722288,-0.34620738,-0.68610686,0.27606428,0.0043381341,0.18574858,0.024045397,150.99687,13.753955,10.277804,149.54968,224.05453,174.11478,1.7285128,1.4767495,0.64799565,0,15,0.0080050053,2,1,1,34045.27,34045.27
347,0.80649215,0.60356903,0.66422492,0.077333309,-0.7344684,0.11567582,1.6222862,1.4297774,4.9628963,24.666891,19.893654,14.888171,189.98804,37.749054,224.31941,4.672081,1.4649493,4.4402719,0,10,0.84376127,2,1,1,29580.318,29580.318
348,0.81705403,0.55318415,-0.57722288,-0.34620738,-0.68610686,0.27606428,1.0975206,1.5996587,4.3450742,21.967045,17.948263,12.151822,78.840401,37.923233,89.069695,4.3385305,1.5285245,5.9639592,0,11,0.65100461,2,0,0,18417.934,18417.934
349,0.88922805,0.64054489,-0.657561,0.40984079,0.51543015,0.36602712,1.2756968,1.3387743,0.97281379,20.478903,18.210413,13.117656,40.69619,62.338093,64.455231,4.8220391,1.0599039,0.69628686,0,14,0.78726041,2,0,0,19534.172,19534.172
350,0.74380738,0.5090704,0.12357926,-0.76124328,0.3628847,0.52302152,4.5650625,0.84341723,4.6072602,30.741066,22.865433,15.649366,191.31651,139.53337,190.55818,1.4794178,1.7026964,2.0784564,0,11,0.66112602,2,0,0,42417.059,42417.059
351,0.70694244,0.58857137,0.70690763,-0.16521919,0.66392863,0.1793962,2.1276107,0.11196813,2.2503548,26.703979,18.878176,15.717197,38.814278,158.49165,8.9684534,1.6050987,1.6248542,2.0642979,0,10,0.74058712,2,1,1,31254.676,31254.676
352,0.89168596,0.82010102,0.11911403,-0.70697033,0.24210806,0.65374959,2.0437045,2.4202559,5.0554166,25.372402,22.624216,20.807934,156.91211,73.046944,43.560055,1.0583545,1.8357052,6.2762389,0,15,0.8125754,2,0,0,47998.25,47998.25
353,0.82588041,0.69720948,-0.42638618,0.55058962,0.55492038,0.45509264,4.1092701,0.93443346,0.29119861,23.222132,19.178703,16.190691,159.75829,219.60823,94.84166,4.4874187,1.5407,0.027933965,0,12,0.81898314,2,1,1,29022.199,29022.199
354,0.78308898,0.75302821,-0.74403882,-0.015076715,0.66751629,0.0245154,3.160007,2.2722843,4.3361011,28.382048,22.225668,21.372482,110.88718,125.51456,157.65968,4.8318787,1.1484888,5.7436972,0,16,0.69193196,2,0,0,52463.203,52463.203
355,0.86310947,0.72865075,0.19718277,0.74633026,-0.076127261,0.63112187,0.4571417,1.0324781,4.8119473,25.371445,21.898335,18.486923,189.12799,91.759918,213.58925,4.5741301,1.7637715,1.9491394,0,14,0.57455641,2,1,1,38510.227,38510.227
356,0.84498143,0.75442404,0.12357926,-0.76124328,0.3628847,0.52302152,2.9292684,1.139696,0.41412649,33.255306,28.100117,25.088602,195.54166,52.110947,51.709324,4.487216,1.4770813,0.75524795,0,18,0.7033692,2,0,0,91531.547,91531.547
357,0.11300224,0.088180207,0.061772086,-0.83139247,0.27559933,0.47855592,3.1197495,1.1942942,0.015623179,147.8353,16.705719,13.036146,156.07138,222.29993,139.9668,1.1224507,1.9714915,4.1157169,0,15,0.0075759334,2,1,1,50788.848,50788.848
358,0.90870947,0.7257607,-0.657561,0.40984079,0.51543015,0.36602712,2.5669835,1.8452005,5.4280987,24.633915,22.385073,17.878326,199.95224,47.98856,129.381,4.7209377,1.9538684,1.9897921,0,16,0.75785834,2,0,0,39068.344,39068.344
359,0.16252206,0.14850171,-0.16575368,0.57456857,0.17972866,0.78108531,3.1331177,2.3556533,0.029843887,142.54051,23.165977,21.167509,67.827026,182.0244,76.844368,4.7670827,1.2820055,1.0637736,0,26,0.016556105,2,1,1,128925.54,128925.54
360,0.87847167,0.74672425,-0.24801253,-0.65256166,0.05973956,0.71350145,1.6702667,1.8597857,5.1226163,19.599146,17.217295,14.635158,107.27547,155.46468,123.74216,2.0421948,1.7309949,4.0695868,0,8,0.64951497,2,0,0,18976.053,18976.053
361,0.84919924,0.72853917,-0.82813513,0.025484579,-0.52958173,0.18189538,1.2635883,1.8177322,4.8357668,29.758839,25.271183,21.680481,74.025871,75.73188,126.76371,5.0784001,1.6556425,5.0934696,0,21,0.61412174,2,0,0,61951.23,61951.23
362,0.8432765,0.67252898,-0.64557618,-0.29344621,-0.70133173,0.072487801,2.7915895,1.7268555,4.7804918,27.267586,22.994114,18.338242,20.58333,189.26364,207.27409,1.8944353,1.5765549,1.0411739,0,12,0.68475699,2,1,1,44649.535,44649.535
363,0.77811259,0.65399724,0.12357926,-0.76124328,0.3628847,0.52302152,5.8869791,0.5666151,5.9007959,17.83132,13.874773,11.661633,219.4183,191.8367,186.07333,1.3433344,1.9766527,0.78650701,0,11,0.67219925,2,0,0,11162.384,11162.384
364,0.84728628,0.82921463,-0.657561,0.40984079,0.51543015,0.36602712,5.8647861,0.41814578,5.7522259,24.895784,21.093857,20.64395,175.22224,122.86666,44.1222,4.5158901,1.4293199,4.8071136,0,13,0.80963987,2,0,0,43533.297,43533.297
365,0.13942297,0.11752173,-0.60003281,-0.5421434,-0.54284054,0.22663921,1.5700908,2.1061265,0.0087423036,116.06146,16.181635,13.639744,115.47774,45.705536,65.550041,1.9100484,1.8837999,0.44053215,0,17,0.010992127,2,1,1,43533.297,43533.297
366,0.8369692,0.73432386,0.12357926,-0.76124328,0.3628847,0.52302152,3.8555744,1.4267979,0.39582488,24.043282,20.123487,17.655556,93.831604,203.13612,89.71492,1.4056726,1.4096628,1.2727073,0,14,0.60595411,2,0,0,32370.914,32370.914
367,0.88061899,0.7207039,0.12357926,-0.76124328,0.3628847,0.52302152,3.4298332,2.0151877,5.2475529,16.339582,14.388947,11.776001,174.19997,171.59998,206.26663,1.209187,1.9529445,1.2707145,0,9,0.63917673,2,0,0,10604.265,10604.265
368,0.16810693,0.14271581,0.52968949,-0.014756538,0.81814831,0.22325893,1.4198954,1.5943724,4.7385364,143.88382,24.187866,20.534496,74.845322,140.98308,69.153214,1.8093419,1.1169535,1.8650452,0,26,0.019087778,2,1,1,135622.97,135622.97
369,0.77187282,0.67791188,0.12357926,-0.76124328,0.3628847,0.52302152,0.92483872,1.9027745,4.9281378,12.515381,9.6602821,8.4843254,121.14761,185.83809,42.342854,4.7725301,1.7728809,5.8872447,0,5,0.6214785,2,0,0,3906.8345,3906.8345
370,0.1732713,0.1600991,-0.32238773,-0.59084409,-0.65106237,0.35083771,3.6822593,1.5776349,4.7175994,102.63692,17.784031,16.432079,74.416718,188.57501,33.566662,2.147846,1.4767189,0.0052313213,0,16,0.021048775,2,1,1,58044.398,58044.398
371,0.89907992,0.79993963,-0.73643833,0.0055489782,0.62983125,0.246861,5.1647511,0.42783439,6.1581693,22.302597,20.051817,17.840731,60.666664,40.877762,62.833355,1.1432912,1.8142061,4.2527704,0,14,0.78154999,2,0,0,31812.795,31812.795
372,0.8418895,0.7014032,-0.13555402,0.54500645,0.17046347,0.80965132,3.4427998,1.6856329,0.48425683,27.721891,23.33877,19.444223,42.831821,175.49036,123.22248,4.7486539,1.1926631,1.119514,0,16,0.74419117,2,0,0,49672.609,49672.609
373,0.71513402,0.60493189,0.72098881,0.32277116,-0.58540124,0.18248096,2.7407312,2.1316185,5.0915904,26.899178,19.236517,16.272171,74.379112,222.85808,94.194901,4.8311372,1.821424,3.9892938,0,12,0.70940959,2,1,1,32929.031,32929.031
374,0.75473392,0.5907355,-0.657561,0.40984079,0.51543015,0.36602712,1.6877269,2.3718607,5.7761984,25.480221,19.230785,15.05207,173.39397,41.660664,136.17938,4.4478459,1.8289375,5.6180825,0,11,0.60125619,2,0,0,27905.961,27905.961
375,0.70418912,0.64733589,0.12357926,-0.76124328,0.3628847,0.52302152,1.4735858,2.1796873,4.5002055,18.699524,13.168001,12.104873,16.9,48.099987,129.99995,1.319052,1.7500674,4.6608429,0,12,0.441984,2,0,0,10604.265,10604.265
376,0.80988818,0.61661142,-0.657561,0.40984079,0.51543015,0.36602712,3.9623127,1.4353945,4.2829452,23.23995,18.82176,14.330018,92.250748,22.641672,94.496193,1.7795701,1.5358279,5.3760338,0,13,0.71572202,2,0,0,24557.244,24557.244
377,0.81477684,0.70139205,-0.73643833,0.0055489782,0.62983125,0.246861,4.3931198,0.76666713,4.5104117,23.138651,18.852837,16.229265,203.64896,144.67143,169.03535,1.8062838,1.3167847,0.77000058,0,12,0.66696697,2,0,0,27347.842,27347.842
378,0.19085786,0.17354251,-0.53615713,-0.32985979,-0.44453952,0.63726974,4.6861334,0.45154703,0.012109921,124.46532,23.755186,21.600025,62.409374,48.794106,123.03643,1.160635,1.3618225,0.057549831,0,33,0.025998374,2,1,1,128925.54,128925.54
379,0.83517772,0.71673203,-0.24048407,-0.63054651,-0.1843604,0.71455568,4.03125,1.2432919,4.1671534,28.468857,23.776554,20.404541,221.12381,23.691828,178.52885,1.4589357,1.4815207,5.3292503,0,14,0.75525439,2,1,1,54695.684,54695.684
380,0.11050119,0.081198789,0.033479597,0.66766542,0.2991522,0.68088913,1.5449723,1.9593631,0.039684363,123.93241,13.694679,10.063162,198.97221,50.943737,180.96179,4.2483201,1.4643916,1.2069322,0,14,0.0073627825,2,1,1,26789.723,26789.723
381,0.86024755,0.79727161,-0.13555402,0.54500645,0.17046347,0.80965132,3.7860057,0.77931422,0.43587369,18.943096,16.295753,15.102793,155.43532,39.170712,58.880806,4.337007,1.5207331,4.4509873,0,10,0.74618763,2,0,0,18417.934,18417.934
382,0.91767931,0.66862714,0.12357926,-0.76124328,0.3628847,0.52302152,4.2089095,1.1830165,4.5669918,27.80562,25.516644,18.591593,174.30148,138.65288,209.7748,1.7766666,1.3986409,2.9726732,0,18,0.7717337,2,0,0,52463.203,52463.203
383,0.85269141,0.11476934,-0.59305543,-0.56243545,-0.45529935,0.35306385,1.5535411,1.5500236,5.926702,100.06634,85.325706,11.484548,115.0537,146.21262,173.39691,1.6701074,1.9135659,0.1522976,0,16,9.7291049e-05,2,1,1,64741.828,64741.828
384,0.20010076,0.1632995,-0.70205969,-0.032203484,-0.64804077,0.29345909,3.1307657,1.9065487,0.00090018217,87.006607,17.410088,14.208135,27.63241,108.61227,206.3972,1.1914207,1.5586458,1.0997449,0,15,0.018851884,2,1,1,40742.703,40742.703
385,0.94345528,0.73227912,-0.657561,0.40984079,0.51543015,0.36602712,1.0902672,1.4429197,0.73601049,22.350784,21.086964,16.367012,158.07997,175.44485,42.663635,1.0511078,1.7240322,1.8818878,0,11,0.77379191,2,0,0,30696.557,30696.557
Feature_ID,NumNeighbors,NeighborList
1,14,63,67,81,201,217,218,222,295,332,343,344,348,361,376
2,12,27,33,35,69,77,193,214,255,280,321,337,356
3,19,37,45,50,96,99,105,114,138,159,189,194,197,219,259,267,320,326,375,379
4,12,17,28,91,104,110,147,239,250,270,294,304,372
5,12,46,52,89,102,131,134,145,179,184,185,223,254
6,10,20,33,109,125,135,170,240,307,355,382
7,13,89,136,175,205,234,273,317,330,335,336,362,368,370
8,9,21,28,143,163,243,279,306,312,354
9,24,60,110,111,120,124,130,137,141,168,173,181,230,234,236,244,259,291,331,346,357,362,363,372,377
10,10,41,51,55,78,139,156,178,262,275,329
11,16,68,112,160,163,176,208,210,233,251,282,294,302,304,306,353,366
12,8,50,132,218,232,257,277,338,378
13,11,25,52,75,89,102,113,155,185,280,313,337
14,13,35,40,42,100,128,138,153,240,248,268,298,314,358
15,11,72,77,85,214,248,298,314,321,352,356,364
16,14,26,44,55,98,126,180,210,265,288,320,358,374,379,380
17,14,4,60,61,83,91,104,110,147,173,196,239,266,294,372
18,6,87,135,215,284,297,307
19,9,37,91,105,196,220,257,287,323,361
20,16,6,44,55,71,125,135,170,240,262,265,272,318,320,329,355,358
21,8,8,125,135,143,148,312,354,382
22,13,27,30,107,108,115,151,213,235,241,303,327,356,381
23,10,30,112,160,191,233,254,311,316,365,366
24,15,34,87,90,93,109,166,174,198,222,253,256,300,334,345,368
25,7,13,52,89,236,273,313,327
26,14,16,41,44,55,58,123,156,180,247,275,288,309,325,339
27,9,2,22,33,115,151,321,327,337,356
28,15,4,8,91,104,110,147,201,220,245,250,294,304,306,354,360
29,14,33,39,65,109,168,170,192,195,211,260,286,350,355,382
30,19,22,23,97,112,191,199,210,213,233,241,246,261,271,303,311,316,353,365,381
31,1,225
32,8,37,103,148,164,171,220,259,284
33,24,2,6,27,29,36,39,49,71,74,94,109,158,170,193,211,214,255,280,286,307,321,337,355,384
34,23,24,66,79,80,109,121,131,146,152,157,160,176,198,208,253,256,300,310,345,368,369,370,385
35,27,2,14,40,69,77,83,100,108,128,132,138,151,193,206,217,223,232,248,257,287,305,314,337,338,349,356,375
36,10,33,39,64,74,171,255,336,351,368,384
37,16,3,19,32,91,103,105,196,197,220,242,257,259,267,287,323,375
38,10,119,123,161,182,187,224,289,292,312,367
39,12,29,33,36,195,211,238,255,260,286,291,336,384
40,16,14,35,95,108,122,126,128,153,186,213,248,290,303,319,356,358
41,9,10,26,55,107,123,139,156,275,383
42,11,14,100,138,240,244,259,268,272,320,326,358
43,10,65,72,195,214,238,255,258,286,293,359
44,18,16,20,26,55,70,117,156,180,240,261,262,298,318,319,320,329,332,374
45,11,3,94,170,194,259,267,272,291,320,326,384
46,19,5,52,96,102,128,132,145,151,179,184,203,223,232,276,277,281,341,359,378
47,11,56,88,120,168,224,236,273,313,346,363,380
48,11,64,83,167,177,193,206,238,239,255,305,359
49,11,33,71,84,94,194,265,296,320,327,347,379
50,13,3,12,96,99,105,132,138,159,257,274,276,375,378
51,8,10,55,78,139,178,215,262,329
52,14,5,13,25,46,54,89,131,184,203,238,254,263,273,359
53,16,95,111,124,181,186,203,207,216,235,251,281,290,301,303,357,359
54,9,52,59,89,238,263,273,336,351,370
55,22,10,16,20,26,41,44,51,71,84,107,123,139,156,262,265,288,296,315,329,347,379,380
56,15,47,58,88,123,161,187,207,224,247,288,296,313,346,363,380
57,12,72,85,101,137,141,162,243,248,268,302,306,328
58,15,26,56,68,88,156,163,187,210,237,247,250,282,288,309,339
59,9,54,76,131,167,177,238,263,351,368
60,13,9,17,83,110,111,137,173,181,239,301,328,359,372
61,11,17,64,76,83,177,183,206,221,239,266,294
62,11,64,69,74,93,174,193,200,228,280,333,349
63,11,1,70,81,199,209,229,261,319,332,343,376
64,18,36,48,61,62,69,74,93,177,183,193,200,206,238,255,300,333,351,368
65,15,29,43,82,109,129,152,192,195,214,252,258,286,293,321,364
66,12,34,79,80,146,160,169,198,310,316,368,369,370
67,11,1,70,81,117,148,201,204,318,329,332,361
68,7,11,58,112,163,210,304,339
69,13,2,35,62,64,193,206,223,228,280,333,337,338,349
70,13,44,63,67,81,117,156,180,204,229,318,319,329,332
71,13,20,33,49,55,94,115,262,265,272,307,315,347,355
72,18,15,43,57,85,101,137,214,248,255,258,268,301,302,314,321,328,359,364
73,16,90,149,154,165,174,179,212,222,269,295,334,343,348,365,371,376
74,17,33,36,62,64,94,103,158,164,171,190,193,194,200,242,267,280,384
75,23,13,78,86,89,99,155,159,172,189,205,219,226,230,236,276,280,308,313,331,339,346,362,378
76,11,59,61,131,167,177,221,238,239,263,285,359
77,8,2,15,35,193,214,314,321,356
78,27,10,51,75,86,99,103,113,142,148,150,155,156,172,178,189,190,197,204,215,242,275,280,284,323,324,329,339
79,14,34,66,80,118,146,160,176,233,246,289,316,340,369,385
80,9,34,66,79,82,109,146,157,289,385
81,15,1,63,67,70,142,201,204,229,257,261,323,348,361,376,378
82,11,65,80,109,119,133,146,152,157,192,289,382
83,14,17,35,48,60,61,100,173,177,196,206,239,287,305,359
84,8,49,55,296,313,327,347,379,380
85,18,15,57,72,101,121,127,162,166,222,243,248,253,278,298,306,321,352,364
86,9,75,78,99,113,189,190,200,242,280
87,11,18,24,93,135,164,212,284,297,307,334,368
88,15,47,56,58,120,124,130,141,161,187,207,237,247,282,346,363
89,21,5,7,13,25,52,54,75,134,155,185,205,236,254,263,273,313,335,336,351,362,370
90,12,24,73,174,188,209,222,253,256,269,298,334,352
91,12,4,17,19,28,37,104,147,196,220,259,354,361
92,5,217,218,257,338,349
93,16,24,62,64,87,113,149,165,174,183,200,212,228,300,333,334,368
94,12,33,45,49,71,74,158,170,194,211,267,355,384
95,10,40,53,126,128,159,186,207,235,290,357
96,10,3,46,50,128,132,138,159,276,375,378
97,8,30,186,216,246,251,271,303,353
98,7,16,126,138,159,320,358,379
99,18,3,50,75,78,86,105,142,159,172,189,197,204,219,231,276,323,324,378
100,13,14,35,42,83,137,138,173,196,259,268,287,314,328
101,14,57,72,85,121,152,176,252,258,278,301,302,306,328,364
102,8,5,13,46,151,185,223,280,337
103,15,32,37,74,78,148,164,171,190,197,242,259,267,284,323,324
104,11,4,17,28,91,110,173,196,220,225,234,259
105,12,3,19,37,50,99,197,204,257,323,361,375,378
106,6,203,252,258,293,301,359
107,15,22,41,55,115,118,123,139,224,241,249,296,315,327,347,383
108,10,22,35,40,128,132,151,213,235,290,356
109,22,6,24,29,33,34,65,80,82,119,121,135,146,152,157,166,192,253,286,321,345,364,382
110,10,4,9,17,28,60,104,173,234,250,372
111,10,9,53,60,120,124,137,181,301,357,359
112,11,11,23,30,68,160,210,233,304,311,353,366
113,14,13,78,86,93,134,149,155,165,178,185,190,200,228,280
114,7,3,132,138,257,259,287,375
115,17,22,27,71,107,139,154,166,188,212,241,262,269,307,315,321,352,356
116,7,136,202,220,264,317,330,368
117,13,44,67,70,125,143,148,201,240,243,298,318,332,354
118,12,79,107,146,169,191,246,249,283,289,316,327,383
119,13,38,82,109,133,135,182,192,224,289,312,345,367,382
120,11,9,47,88,111,124,130,181,207,346,357,363
121,13,34,85,101,109,152,176,208,253,256,278,306,364,385
122,10,40,126,153,186,199,213,261,319,358,374
123,14,26,38,41,55,56,107,187,224,288,292,296,309,325,383
124,15,9,53,88,111,120,130,137,141,186,207,251,282,301,302,357
125,12,6,20,21,117,135,143,148,170,240,318,329,382
126,17,16,40,95,98,122,128,138,159,186,207,210,247,357,358,374,379,380
127,9,85,222,243,245,253,278,298,306,332
128,16,14,35,40,46,95,96,108,126,132,138,151,159,235,276,290,358
129,12,65,133,168,192,195,224,227,252,273,289,293,327
130,16,9,88,120,124,141,161,168,224,237,279,312,350,363,367,377,382
131,17,5,34,52,59,76,145,160,208,221,254,263,270,285,310,366,368,373
132,16,12,35,46,50,96,108,114,128,138,151,232,257,287,338,375,378
133,9,82,119,129,168,192,224,289,367,382
134,20,5,89,113,139,140,149,154,155,165,169,178,179,185,191,241,254,335,365,370,383
135,21,6,18,20,21,87,109,119,125,148,215,220,262,284,297,307,312,329,345,354,355,382
136,12,7,116,171,175,220,234,291,317,322,330,336,368
137,16,9,57,60,72,100,111,124,141,162,244,259,268,301,302,328,377
138,20,3,14,35,42,50,96,98,100,114,126,128,132,159,259,287,320,326,358,375,379
139,18,10,41,51,55,107,115,134,149,154,178,212,215,241,262,275,307,315,383
140,14,134,155,169,182,187,198,226,264,292,312,325,330,335,383
141,18,9,57,88,124,130,137,143,162,163,237,240,244,268,279,282,302,306,377
142,11,78,81,99,156,172,204,229,231,324,339,378
143,16,8,21,117,125,141,148,162,240,243,279,306,312,350,354,377,382
144,1,280
145,17,5,46,131,179,184,232,254,277,285,311,348,365,366,371,373,376,378
146,11,34,66,79,80,82,109,118,169,198,289,316
147,12,4,17,28,91,196,201,220,245,266,294,354,361
148,20,21,32,67,78,103,117,125,135,143,150,201,204,220,284,297,318,323,329,354,361
149,9,73,93,113,134,139,154,165,174,212
150,5,78,148,215,284,329
151,14,22,27,35,46,102,108,128,132,223,232,235,327,337,356
152,13,34,65,82,101,109,121,157,176,252,258,289,364,385
153,9,14,40,122,199,213,298,319,356,358
154,16,73,115,134,139,149,165,191,212,241,269,334,343,352,365,381,383
155,16,13,75,78,89,113,134,140,172,178,205,226,275,280,325,335,383
156,19,10,26,41,44,55,58,70,78,142,180,204,210,229,231,261,275,329,339,378
157,7,34,80,82,109,152,289,385
158,6,33,74,94,194,267,280
159,16,3,50,75,95,96,98,99,126,128,138,219,276,313,346,357,379
160,14,11,23,34,66,79,112,131,208,233,254,310,316,366,369
161,12,38,56,88,130,168,187,224,237,279,312,363,367
162,12,57,85,137,141,143,240,243,244,248,268,302,306
163,16,8,11,58,68,141,187,210,237,250,279,282,302,304,306,312,360
164,10,32,74,87,103,171,190,200,220,284,368
165,12,73,93,113,134,149,154,174,179,185,223,228,371
166,12,24,85,109,115,188,253,307,321,334,345,352,364
167,7,48,59,76,177,238,239,359
168,21,9,29,47,129,130,133,161,175,192,195,224,236,260,273,291,350,362,363,367,377,382
169,11,66,118,134,140,146,191,198,254,316,370,383
170,17,6,20,29,33,45,94,125,211,240,244,259,272,291,350,355,377,384
171,13,32,36,74,103,136,164,220,225,259,322,336,368,384
172,7,75,78,99,142,155,231,339
173,12,9,17,60,83,100,104,110,196,225,234,259,291
174,20,24,62,73,90,93,149,165,183,206,212,217,222,228,295,300,333,334,344,349,371
175,10,7,136,168,234,260,273,291,322,336,362
176,13,11,34,79,101,121,152,208,233,251,252,302,306,385
177,16,48,59,61,64,76,83,167,183,206,221,238,239,255,300,351,368
178,13,10,51,78,113,134,139,155,190,212,215,275,284,383
179,14,5,46,73,134,145,165,185,191,223,232,254,365,371,376
180,9,16,26,44,70,156,210,229,261,319
181,13,9,53,60,111,120,230,276,281,331,341,357,359,372
182,10,38,119,140,187,198,224,264,289,292,312
183,16,61,64,93,174,177,206,208,221,222,245,256,266,294,300,333,344
184,10,5,46,52,145,263,277,285,341,359,373
185,11,5,13,89,102,113,134,165,179,223,228,280
186,17,40,53,95,97,122,124,126,207,210,216,247,251,261,282,290,303,353
187,17,38,56,58,88,123,140,161,163,182,237,250,279,288,292,309,312,325
188,6,90,115,166,307,334,352
189,11,3,75,78,86,99,194,197,219,242,267,280
190,11,74,78,86,103,113,164,178,200,212,242,284
191,13,23,30,118,134,154,169,179,241,246,254,316,365,383
192,10,29,65,82,109,119,129,133,168,195,382
193,16,2,33,35,48,62,64,69,74,77,206,214,255,280,305,314,333
194,13,3,45,49,74,94,158,189,219,265,267,280,320,379
195,12,29,39,43,65,129,168,192,238,260,273,286,293
196,16,17,19,37,83,91,100,104,147,173,206,217,257,259,266,287,361
197,10,3,37,78,99,103,105,189,242,267,324
198,15,24,34,66,140,146,169,182,264,312,316,317,330,335,368,370
199,14,30,63,122,153,213,241,261,269,298,319,332,343,365,381
200,11,62,64,74,86,93,113,164,190,228,242,280
201,14,1,28,67,81,117,147,148,220,222,243,245,332,354,361
202,2,116,368
203,11,46,52,53,106,216,227,235,281,293,327,359
204,14,67,70,78,81,99,105,142,148,156,323,324,329,361,378
205,13,7,75,89,155,226,230,234,236,317,330,331,335,362
206,18,35,48,61,64,69,83,174,177,183,193,196,217,257,266,305,333,344,349
207,14,53,56,88,95,120,124,126,186,247,282,290,346,357,380
208,16,11,34,121,131,160,176,183,221,233,256,270,294,300,304,306,366
209,7,63,90,222,269,298,332,343
210,21,11,16,30,58,68,112,126,156,163,180,186,229,247,261,282,304,311,339,353,374,378
211,8,29,33,39,94,170,260,291,384
212,14,73,87,93,115,139,149,154,174,178,190,215,284,307,334
213,12,22,30,40,108,122,153,199,261,303,319,356,381
214,14,2,15,33,43,65,72,77,193,255,258,286,314,321,364
215,12,18,51,78,135,139,150,178,212,262,284,307,329
216,13,53,97,186,203,227,235,246,251,252,271,303,327,340
217,16,1,35,92,174,196,206,218,222,257,266,295,344,348,349,361,371
218,11,1,12,92,217,232,257,277,338,348,371,378
219,8,3,75,99,159,189,194,280,313
220,28,19,28,32,37,91,104,116,135,136,147,148,164,171,201,225,234,250,259,264,284,297,312,322,323,330,354,361,368
221,10,61,76,131,177,183,208,239,294,300,368
222,24,1,24,73,85,90,127,174,183,201,209,217,245,253,256,266,269,294,295,298,300,332,343,344,361
223,15,5,35,46,69,102,151,165,179,185,228,232,280,337,349,371
224,23,38,47,56,107,119,123,129,130,133,161,168,182,236,249,273,288,289,292,296,313,327,363,367
225,10,31,104,171,173,220,234,259,291,322,384
226,12,75,140,155,205,234,250,308,325,330,331,335,339
227,10,129,203,216,235,252,273,293,303,327,340
228,12,62,69,93,113,165,174,185,200,223,280,349,371
229,11,63,70,81,142,156,180,210,261,311,376,378
230,10,9,75,181,205,234,236,331,346,357,362
231,6,99,142,156,172,339,378
232,14,12,35,46,132,145,151,179,218,223,277,338,349,371,378
233,15,11,23,30,79,112,160,176,208,246,251,252,271,316,353,385
234,19,7,9,104,110,136,173,175,205,220,225,226,230,250,291,322,330,331,362,372
235,12,22,53,95,108,128,151,203,216,227,290,303,327
236,15,9,25,47,75,89,168,205,224,230,273,313,327,346,362,363
237,9,58,88,130,141,161,163,187,279,282
238,19,39,43,48,52,54,59,64,76,167,177,195,255,263,273,286,293,336,351,359
239,16,4,17,48,60,61,76,83,167,177,221,270,285,294,341,359,372
240,23,6,14,20,42,44,117,125,141,143,162,170,243,244,248,268,272,298,318,350,355,358,374,377
241,14,22,30,107,115,134,139,154,191,199,269,352,365,381,383
242,11,37,74,78,86,103,189,190,197,200,267,280
243,15,8,57,85,117,127,143,162,201,240,245,248,298,306,332,354
244,12,9,42,137,141,162,170,240,259,268,272,291,377
245,13,28,127,147,183,201,222,243,266,294,306,332,360,361
246,15,30,79,97,118,191,216,233,249,271,283,289,303,316,327,340
247,11,26,56,58,88,126,186,207,210,282,288,380
248,14,14,15,35,40,57,72,85,162,240,243,268,298,314,356
249,8,107,118,224,246,283,289,327,340
250,20,4,28,58,110,163,187,220,226,234,299,304,309,312,325,330,331,339,354,360,372
251,14,11,53,97,124,176,186,216,233,252,271,282,301,302,353
252,18,65,101,106,129,152,176,216,227,233,251,258,271,289,293,301,302,340,385
253,15,24,34,85,90,109,121,127,166,222,256,278,298,334,352,364
254,18,5,23,52,89,131,134,145,160,169,179,191,310,311,316,365,366,370,373
255,14,2,33,36,39,43,48,64,72,177,193,214,238,286,314
256,12,24,34,90,121,183,208,222,253,278,294,300,306
257,20,12,19,35,37,50,81,92,105,114,132,196,206,217,218,287,338,349,361,375,378
258,12,43,65,72,101,106,152,214,252,293,301,359,364
259,29,3,9,32,37,42,45,91,100,103,104,114,137,138,170,171,173,196,220,225,244,267,268,272,287,291,320,326,375,384
260,9,29,39,168,175,195,211,273,291,336
261,19,30,44,63,81,122,156,180,186,199,210,213,229,303,311,319,353,365,374,376
262,15,10,20,44,51,55,71,115,135,139,215,307,315,329,347,355
263,12,52,54,59,76,89,131,184,238,285,310,359,370
264,11,116,140,182,198,220,297,312,317,330,345,368
265,11,16,20,49,55,71,194,272,320,347,379,380
266,12,17,61,147,183,196,206,217,222,245,294,344,361
267,13,3,37,45,74,94,103,158,189,194,197,242,259,384
268,14,14,42,57,72,100,137,141,162,240,244,248,259,314,328
269,14,73,90,115,154,199,209,222,241,298,334,343,352,365,381
270,9,4,131,208,239,285,294,304,366,372
271,9,30,97,216,233,246,251,252,340,353
272,11,20,42,45,71,170,240,244,259,265,320,355
273,19,7,25,47,52,54,89,129,168,175,195,224,227,236,238,260,293,327,336,362
274,3,50,276,378
275,11,10,26,41,78,139,155,156,178,325,339,383
276,16,46,50,75,96,99,128,159,181,274,277,281,308,331,341,357,378
277,11,12,46,145,184,218,232,276,281,341,373,378
278,7,85,101,121,127,253,256,306
279,13,8,130,141,143,161,163,187,237,282,306,312,350,377
280,25,2,13,33,62,69,74,75,78,86,102,113,144,155,158,185,189,193,194,200,219,223,228,242,313,337
281,10,46,53,181,203,276,277,290,341,357,359
282,15,11,58,88,124,141,163,186,207,210,237,247,251,279,302,353
283,6,118,246,249,289,327,340
284,17,18,32,78,87,103,135,148,150,164,178,190,212,215,220,297,323,329
285,13,76,131,145,184,239,263,270,299,341,359,366,372,373
286,11,29,33,39,43,65,109,195,214,238,255,321
287,13,19,35,37,83,100,114,132,138,196,257,259,361,375
288,12,16,26,55,56,58,123,187,224,247,296,309,380
289,20,38,79,80,82,118,119,129,133,146,152,157,182,224,246,249,252,283,327,340,385
290,10,40,53,95,108,128,186,207,235,281,303
291,20,9,39,45,136,168,170,173,175,211,225,234,244,259,260,322,336,350,362,377,384
292,9,38,123,140,182,187,224,309,325,383
293,12,43,65,106,129,195,203,227,238,252,258,273,359
294,18,4,11,17,28,61,147,183,208,221,222,239,245,256,266,270,304,306,360
295,9,1,73,174,217,222,343,344,348,371
296,12,49,55,56,84,107,123,224,288,313,327,347,380
297,10,18,87,135,148,220,264,284,312,345,368
298,24,14,15,44,85,90,117,127,153,199,209,222,240,243,248,253,269,306,319,332,352,356,358,374,381
299,11,250,285,304,308,331,339,341,366,372,373,378
300,12,24,34,64,93,174,177,183,208,221,222,256,368
301,14,53,60,72,101,106,111,124,137,251,252,258,302,328,359
302,16,11,57,72,101,124,137,141,162,163,176,251,252,282,301,306,328
303,15,22,30,40,53,97,186,213,216,227,235,246,261,290,327,353
304,20,4,11,28,68,112,163,208,210,250,270,294,299,306,311,339,360,366,372,373,378
305,5,35,48,83,193,206
306,25,8,11,28,57,85,101,121,127,141,143,162,163,176,208,243,245,256,278,279,294,298,302,304,354,360
307,18,6,18,33,71,87,115,135,139,166,188,212,215,262,315,321,334,345,355
308,8,75,226,276,299,331,339,341,378
309,9,26,58,123,187,250,288,292,325,339
310,9,34,66,131,160,254,263,316,368,370
311,14,23,30,112,145,210,229,254,261,304,365,366,373,376,378
312,25,8,21,38,119,130,135,140,143,161,163,182,187,198,220,250,264,279,297,325,330,345,350,354,367,382
313,17,13,25,47,56,75,84,89,159,219,224,236,280,296,327,346,379,380
314,12,14,15,35,72,77,100,193,214,248,255,268,328
315,8,55,71,107,115,139,262,307,347
316,17,23,30,66,79,118,146,160,169,191,198,233,246,254,310,365,369,370
317,10,7,116,136,198,205,264,330,335,368,370
318,9,20,44,67,70,117,125,148,240,329
319,14,40,44,63,70,122,153,180,199,213,261,298,332,358,374
320,17,3,16,20,42,44,45,49,98,138,194,259,265,272,326,358,374,379
321,17,2,15,27,33,65,72,77,85,109,115,166,214,286,307,352,356,364
322,8,136,171,175,220,225,234,291,384
323,14,19,37,78,81,99,103,105,148,204,220,284,324,361,378
324,7,78,99,103,142,197,204,323
325,14,26,123,140,155,187,226,250,275,292,309,312,330,339,383
326,6,3,42,45,138,259,320
327,26,22,25,27,49,84,107,118,129,151,203,216,224,227,235,236,246,249,273,283,289,296,303,313,337,340,347
328,11,57,60,72,100,101,137,268,301,302,314,359
329,18,10,20,44,51,55,67,70,78,125,135,148,150,156,204,215,262,284,318
330,15,7,116,136,140,198,205,220,226,234,250,264,312,317,325,335
331,16,9,75,181,205,226,230,234,250,276,299,308,339,341,346,357,372
332,15,1,44,63,67,70,117,127,199,201,209,222,243,245,298,319
333,9,62,64,69,93,174,183,193,206,349
334,14,24,73,87,90,93,154,166,174,188,212,253,269,307,352
335,11,7,89,134,140,155,198,205,226,317,330,370
336,14,7,36,39,54,89,136,171,175,238,260,273,291,351,384
337,12,2,13,27,33,35,69,102,151,223,280,327,356
338,9,12,35,69,92,132,218,232,257,349
339,20,26,58,68,75,78,142,156,172,210,226,231,250,275,299,304,308,309,325,331,378
340,11,79,216,227,246,249,252,271,283,289,327,385
341,15,46,181,184,239,276,277,281,285,299,308,331,359,372,373,378
342,1,355
343,12,1,63,73,154,199,209,222,269,295,348,365,376
344,10,1,174,183,206,217,222,266,295,361,371
345,11,24,34,109,119,135,166,264,297,307,312,382
346,15,9,47,56,75,88,120,159,207,230,236,313,331,357,363,380
347,10,49,55,71,84,107,262,265,296,315,327
348,11,1,73,81,145,217,218,295,343,371,376,378
349,14,35,62,69,92,174,206,217,223,228,232,257,333,338,371
350,11,29,130,143,168,170,240,279,291,312,377,382
351,10,36,54,59,64,89,177,238,336,368,370
352,15,15,85,90,115,154,166,188,241,253,269,298,321,334,356,381
353,12,11,30,97,112,186,210,233,251,261,271,282,303
354,16,8,21,28,91,117,135,143,147,148,201,220,243,250,306,312,360
355,14,6,20,29,33,71,94,135,170,240,262,272,307,342,382
356,18,2,15,22,27,35,40,77,108,115,151,153,213,248,298,321,337,352,381
357,15,9,53,95,111,120,124,126,159,181,207,230,276,281,331,346
358,16,14,16,20,40,42,98,122,126,128,138,153,240,298,319,320,374
359,26,43,46,48,52,53,60,72,76,83,106,111,167,181,184,203,238,239,258,263,281,285,293,301,328,341,372
360,8,28,163,245,250,294,304,306,354
361,21,1,19,67,81,91,105,147,148,196,201,204,217,220,222,245,257,266,287,323,344,378
362,12,7,9,75,89,168,175,205,230,234,236,273,291
363,11,9,47,56,88,120,130,161,168,224,236,346
364,13,15,65,72,85,101,109,121,152,166,214,253,258,321
365,17,23,30,73,134,145,154,179,191,199,241,254,261,269,311,316,343,376
366,14,11,23,112,131,145,160,208,254,270,285,299,304,311,373
367,9,38,119,130,133,161,168,224,312,382
368,26,7,24,34,36,59,64,66,87,93,116,131,136,164,171,177,198,202,220,221,264,297,300,310,317,351,370
369,5,34,66,79,160,316
370,16,7,34,54,66,89,134,169,198,254,263,310,316,317,335,351,368
371,14,73,145,165,174,179,217,218,223,228,232,295,344,348,349
372,16,4,9,17,60,110,181,234,239,250,270,285,299,304,331,341,359
373,12,131,145,184,254,277,285,299,304,311,341,366,378
374,11,16,44,122,126,210,240,261,298,319,320,358
375,12,3,35,37,50,96,105,114,132,138,257,259,287
376,13,1,63,73,81,145,179,229,261,311,343,348,365,378
377,12,9,130,137,141,143,168,170,240,244,279,291,350
378,33,12,46,50,75,81,96,99,105,132,142,145,156,204,210,218,229,231,232,257,274,276,277,299,304,308,311,323,339,341,348,361,373,376
379,14,3,16,49,55,84,98,126,138,159,194,265,313,320,380
380,14,16,47,55,56,84,126,207,247,265,288,296,313,346,379
381,10,22,30,154,199,213,241,269,298,352,356
382,18,6,21,29,82,109,119,125,130,133,135,143,168,192,312,345,350,355,367
383,16,41,107,118,123,134,139,140,154,155,169,178,191,241,275,292,325
384,15,33,36,39,45,74,94,170,171,211,225,259,267,291,322,336
385,11,34,79,80,121,152,157,176,233,252,289,340
Feature_ID,NumNeighbors,SharedSurfaceAreaList
1,14,813.453,135.576,949.029,949.029,271.151,67.7878,813.453,474.514,271.151,135.576,135.576,677.878,1220.18,135.576
2,12,610.09,1491.33,203.363,203.363,271.151,1491.33,271.151,67.7878,677.878,474.514,949.029,474.514
3,19,542.302,67.7878,881.241,67.7878,610.09,203.363,67.7878,1084.6,1152.39,474.514,677.878,271.151,406.727,677.878,474.514,542.302,203.363,677.878,474.514
4,12,677.878,949.029,67.7878,271.151,542.302,67.7878,406.727,474.514,203.363,677.878,474.514,1287.97
5,12,1016.82,2033.63,406.727,135.576,67.7878,67.7878,610.09,813.453,135.576,203.363,745.665,745.665
6,10,67.7878,203.363,203.363,271.151,1694.69,338.939,135.576,67.7878,1491.33,813.453
7,13,474.514,1491.33,813.453,745.665,338.939,67.7878,542.302,67.7878,67.7878,745.665,1423.54,135.576,271.151
8,9,542.302,67.7878,1016.82,1152.39,67.7878,677.878,542.302,813.453,1084.6
9,24,677.878,67.7878,610.09,1898.06,610.09,610.09,1423.54,474.514,813.453,1287.97,1152.39,881.241,1694.69,67.7878,610.09,271.151,2711.51,271.151,271.151,203.363,474.514,677.878,203.363,949.029
10,10,881.241,677.878,406.727,474.514,542.302,542.302,135.576,135.576,677.878,135.576
11,16,677.878,949.029,67.7878,813.453,881.241,474.514,67.7878,813.453,203.363,881.241,67.7878,67.7878,881.241,1084.6,677.878,67.7878
12,8,67.7878,474.514,542.302,203.363,745.665,67.7878,67.7878,949.029
13,11,406.727,203.363,610.09,1830.27,677.878,67.7878,338.939,1152.39,2304.78,1220.18,203.363
14,13,1491.33,338.939,1084.6,610.09,135.576,67.7878,203.363,67.7878,1423.54,610.09,271.151,677.878,745.665
15,11,135.576,406.727,610.09,67.7878,610.09,135.576,135.576,745.665,203.363,745.665,135.576
16,14,203.363,1491.33,406.727,406.727,1491.33,745.665,203.363,67.7878,542.302,474.514,135.576,1152.39,474.514,542.302
17,14,677.878,338.939,406.727,1016.82,338.939,949.029,135.576,406.727,203.363,813.453,338.939,271.151,338.939,135.576
18,6,271.151,1220.18,67.7878,135.576,542.302,203.363
19,9,1016.82,203.363,67.7878,67.7878,67.7878,203.363,135.576,338.939,1559.12
20,16,67.7878,1626.91,610.09,406.727,271.151,542.302,271.151,2508.15,1626.91,813.453,1084.6,135.576,677.878,406.727,1220.18,67.7878
21,8,542.302,542.302,745.665,813.453,203.363,474.514,949.029,67.7878
22,13,1355.76,135.576,406.727,271.151,745.665,542.302,881.241,271.151,2169.21,1220.18,2847.09,2575.94,406.727
23,10,745.665,610.09,406.727,67.7878,406.727,135.576,813.453,474.514,474.514,67.7878
24,15,2575.94,881.241,203.363,813.453,474.514,881.241,135.576,67.7878,135.576,1220.18,474.514,1965.85,881.241,813.453,2304.78
25,7,406.727,677.878,474.514,1152.39,881.241,338.939,1559.12
26,14,203.363,203.363,135.576,271.151,881.241,677.878,1762.48,271.151,67.7878,135.576,881.241,474.514,677.878,338.939
27,9,610.09,1355.76,610.09,949.029,67.7878,881.241,1830.27,1491.33,1898.06
28,15,949.029,67.7878,338.939,135.576,67.7878,881.241,135.576,1084.6,203.363,1694.69,949.029,67.7878,271.151,1898.06,1287.97
29,14,610.09,677.878,406.727,406.727,271.151,406.727,813.453,881.241,203.363,474.514,474.514,610.09,67.7878,677.878
30,19,135.576,745.665,338.939,135.576,406.727,677.878,203.363,338.939,135.576,677.878,1016.82,881.241,135.576,474.514,203.363,67.7878,949.029,1084.6,135.576
31,1,406.727
32,8,67.7878,1220.18,67.7878,67.7878,610.09,1559.12,203.363,271.151
33,24,1491.33,203.363,610.09,610.09,338.939,1016.82,1016.82,881.241,406.727,1491.33,135.576,203.363,474.514,338.939,203.363,135.576,745.665,135.576,610.09,67.7878,1898.06,67.7878,1830.27,203.363
34,23,2575.94,1220.18,271.151,813.453,610.09,1152.39,67.7878,67.7878,67.7878,474.514,338.939,542.302,542.302,2372.57,271.151,474.514,406.727,271.151,67.7878,813.453,203.363,67.7878,813.453
35,27,203.363,1491.33,542.302,2440.36,1287.97,67.7878,813.453,1626.91,813.453,1830.27,338.939,1355.76,474.514,271.151,67.7878,271.151,406.727,67.7878,745.665,677.878,677.878,1626.91,406.727,406.727,203.363,1491.33,67.7878
36,10,338.939,1152.39,1830.27,677.878,1355.76,203.363,406.727,67.7878,67.7878,610.09
37,16,542.302,1016.82,67.7878,881.241,881.241,677.878,135.576,677.878,1016.82,67.7878,203.363,2508.15,338.939,610.09,1016.82,67.7878
38,10,67.7878,67.7878,474.514,1016.82,949.029,1152.39,67.7878,610.09,610.09,271.151
39,12,677.878,1016.82,1152.39,542.302,1016.82,271.151,881.241,542.302,949.029,67.7878,677.878,338.939
40,16,338.939,542.302,67.7878,813.453,813.453,203.363,1016.82,881.241,474.514,1220.18,67.7878,271.151,203.363,67.7878,271.151,881.241
41,9,881.241,203.363,1355.76,474.514,677.878,474.514,67.7878,406.727,203.363
42,11,1084.6,542.302,677.878,1626.91,135.576,813.453,1152.39,677.878,610.09,135.576,1220.18
43,10,474.514,610.09,135.576,949.029,406.727,610.09,1559.12,745.665,1016.82,406.727
44,18,1491.33,1626.91,135.576,1152.39,1423.54,338.939,1355.76,881.241,677.878,271.151,135.576,67.7878,610.09,610.09,271.151,1287.97,271.151,2033.63
45,11,67.7878,677.878,1152.39,610.09,1152.39,474.514,474.514,135.576,745.665,203.363,338.939
46,19,1016.82,1152.39,67.7878,677.878,271.151,1559.12,406.727,949.029,135.576,745.665,949.029,610.09,1287.97,474.514,2237,1830.27,67.7878,203.363,271.151
47,11,1423.54,67.7878,135.576,271.151,1491.33,1626.91,67.7878,745.665,745.665,813.453,67.7878
48,11,338.939,1287.97,406.727,1559.12,406.727,67.7878,338.939,203.363,610.09,745.665,610.09
49,11,1016.82,1016.82,1762.48,406.727,1287.97,542.302,67.7878,67.7878,67.7878,1152.39,271.151
50,13,881.241,67.7878,881.241,949.029,610.09,67.7878,67.7878,745.665,67.7878,474.514,881.241,474.514,745.665
51,8,677.878,67.7878,203.363,203.363,67.7878,610.09,271.151,203.363
52,14,2033.63,203.363,677.878,1152.39,610.09,2779.3,135.576,338.939,813.453,610.09,203.363,1830.27,745.665,1084.6
53,16,542.302,474.514,881.241,135.576,203.363,677.878,203.363,271.151,203.363,338.939,406.727,1152.39,1220.18,203.363,542.302,271.151
54,9,610.09,67.7878,813.453,610.09,1016.82,67.7878,67.7878,949.029,949.029
55,22,406.727,406.727,610.09,271.151,1355.76,1152.39,67.7878,67.7878,67.7878,745.665,338.939,203.363,406.727,1491.33,745.665,1491.33,1016.82,745.665,135.576,1355.76,67.7878,677.878
56,15,1423.54,67.7878,1287.97,67.7878,813.453,271.151,271.151,1694.69,474.514,1626.91,135.576,338.939,135.576,67.7878,677.878
57,12,949.029,542.302,338.939,338.939,67.7878,1287.97,67.7878,813.453,1152.39,813.453,135.576,135.576
58,15,881.241,67.7878,474.514,271.151,203.363,949.029,1152.39,1762.48,338.939,1287.97,67.7878,338.939,67.7878,1016.82,542.302
59,9,67.7878,677.878,67.7878,67.7878,1287.97,271.151,745.665,542.302,1016.82
60,13,677.878,338.939,1626.91,203.363,745.665,338.939,1220.18,406.727,745.665,203.363,474.514,1694.69,1152.39
61,11,406.727,135.576,67.7878,745.665,1084.6,1016.82,677.878,474.514,1016.82,474.514,1084.6
62,11,1220.18,271.151,271.151,203.363,338.939,881.241,271.151,1152.39,745.665,271.151,67.7878
63,11,813.453,610.09,881.241,542.302,67.7878,135.576,745.665,745.665,949.029,474.514,542.302
64,18,1830.27,338.939,135.576,1220.18,67.7878,542.302,1694.69,2372.57,135.576,2101.42,203.363,203.363,135.576,949.029,474.514,1491.33,406.727,2237
65,15,406.727,474.514,677.878,1152.39,271.151,1084.6,338.939,542.302,67.7878,203.363,881.241,677.878,474.514,677.878,1152.39
66,12,1220.18,135.576,338.939,406.727,406.727,67.7878,1491.33,67.7878,474.514,135.576,406.727,271.151
67,11,135.576,745.665,474.514,542.302,745.665,1084.6,542.302,203.363,135.576,135.576,949.029
68,7,677.878,474.514,542.302,813.453,1559.12,1559.12,203.363
69,13,203.363,2440.36,271.151,67.7878,1830.27,338.939,338.939,813.453,135.576,135.576,610.09,67.7878,1220.18
70,13,1423.54,610.09,745.665,542.302,135.576,677.878,135.576,610.09,338.939,406.727,203.363,745.665,338.939
71,13,406.727,881.241,1016.82,67.7878,203.363,271.151,813.453,135.576,203.363,135.576,67.7878,949.029,1220.18
72,18,135.576,610.09,949.029,745.665,1016.82,67.7878,677.878,677.878,67.7878,1491.33,338.939,203.363,67.7878,1762.48,67.7878,1626.91,203.363,474.514
73,16,67.7878,406.727,1491.33,1559.12,1491.33,474.514,271.151,203.363,1084.6,610.09,135.576,1287.97,135.576,474.514,474.514,135.576
74,17,406.727,677.878,271.151,542.302,135.576,677.878,1287.97,203.363,1423.54,135.576,203.363,474.514,542.302,1287.97,1287.97,1965.85,745.665
75,23,610.09,677.878,338.939,949.029,2304.78,1287.97,610.09,677.878,677.878,1898.06,406.727,1423.54,542.302,203.363,406.727,271.151,474.514,1287.97,1694.69,67.7878,610.09,67.7878,135.576
76,11,677.878,67.7878,677.878,474.514,474.514,135.576,203.363,1152.39,881.241,135.576,1220.18
77,8,271.151,406.727,1287.97,677.878,1152.39,1287.97,542.302,1152.39
78,27,474.514,203.363,677.878,406.727,881.241,271.151,135.576,406.727,203.363,203.363,949.029,610.09,677.878,1762.48,67.7878,1220.18,203.363,745.665,203.363,474.514,1287.97,135.576,1220.18,338.939,1084.6,745.665,271.151
79,14,271.151,135.576,406.727,67.7878,338.939,135.576,67.7878,610.09,813.453,203.363,1084.6,271.151,338.939,1220.18
80,9,813.453,338.939,406.727,67.7878,67.7878,745.665,338.939,67.7878,406.727
81,15,949.029,881.241,474.514,542.302,67.7878,67.7878,1220.18,745.665,67.7878,67.7878,67.7878,135.576,881.241,406.727,1016.82
82,11,677.878,67.7878,1423.54,406.727,135.576,203.363,271.151,406.727,610.09,1084.6,67.7878
83,14,1016.82,67.7878,1287.97,1626.91,745.665,677.878,677.878,135.576,1423.54,1016.82,949.029,67.7878,1694.69,271.151
84,8,1762.48,67.7878,813.453,1559.12,610.09,135.576,542.302,67.7878
85,18,610.09,542.302,745.665,406.727,338.939,203.363,67.7878,67.7878,67.7878,67.7878,1220.18,610.09,1016.82,1491.33,135.576,67.7878,474.514,1084.6
86,9,338.939,406.727,67.7878,67.7878,203.363,338.939,135.576,677.878,1694.69
87,11,271.151,881.241,677.878,67.7878,610.09,881.241,1084.6,1220.18,813.453,406.727,203.363
88,15,67.7878,1287.97,271.151,881.241,881.241,610.09,67.7878,610.09,67.7878,1762.48,1016.82,1152.39,745.665,67.7878,135.576
89,21,406.727,474.514,1830.27,474.514,2779.3,813.453,949.029,1694.69,1287.97,745.665,1626.91,677.878,135.576,135.576,474.514,271.151,542.302,67.7878,135.576,745.665,1220.18
90,12,203.363,67.7878,542.302,67.7878,474.514,1423.54,1016.82,67.7878,677.878,406.727,542.302,610.09
91,12,67.7878,338.939,203.363,338.939,881.241,1084.6,1220.18,813.453,1559.12,271.151,203.363,745.665
92,5,542.302,135.576,271.151,271.151,271.151
93,16,813.453,203.363,1694.69,677.878,67.7878,203.363,135.576,2982.66,67.7878,745.665,677.878,203.363,949.029,203.363,338.939,881.241
94,12,1491.33,677.878,406.727,203.363,135.576,203.363,610.09,203.363,203.363,203.363,338.939,745.665
95,10,67.7878,542.302,1016.82,1423.54,406.727,338.939,203.363,203.363,1491.33,949.029
96,10,67.7878,67.7878,881.241,474.514,745.665,338.939,406.727,610.09,203.363,203.363
97,8,338.939,135.576,406.727,406.727,67.7878,610.09,1084.6,745.665
98,7,406.727,1016.82,406.727,67.7878,135.576,677.878,135.576
99,18,610.09,949.029,2304.78,881.241,67.7878,677.878,203.363,203.363,677.878,949.029,1355.76,203.363,135.576,271.151,135.576,338.939,610.09,1287.97
100,13,610.09,813.453,542.302,677.878,203.363,203.363,67.7878,610.09,1287.97,1423.54,677.878,474.514,135.576
101,14,338.939,1016.82,406.727,677.878,203.363,271.151,949.029,813.453,271.151,271.151,1287.97,338.939,67.7878,135.576
102,8,135.576,677.878,677.878,1016.82,338.939,1016.82,135.576,610.09
103,15,1220.18,881.241,677.878,271.151,67.7878,203.363,406.727,474.514,271.151,949.029,135.576,203.363,542.302,338.939,135.576
104,11,271.151,949.029,135.576,1084.6,610.09,813.453,338.939,542.302,677.878,203.363,474.514
105,12,203.363,67.7878,677.878,610.09,677.878,203.363,67.7878,745.665,338.939,271.151,203.363,949.029
106,6,135.576,949.029,542.302,542.302,949.029,1220.18
107,15,406.727,474.514,745.665,610.09,203.363,949.029,1559.12,338.939,1152.39,67.7878,542.302,338.939,813.453,67.7878,542.302
108,10,271.151,1626.91,813.453,881.241,67.7878,1491.33,271.151,203.363,203.363,881.241
109,22,203.363,474.514,406.727,135.576,610.09,1152.39,67.7878,1423.54,338.939,203.363,203.363,67.7878,271.151,949.029,1559.12,135.576,67.7878,67.7878,542.302,1287.97,949.029,542.302
110,10,542.302,67.7878,135.576,67.7878,203.363,610.09,474.514,1220.18,135.576,1152.39
111,10,610.09,474.514,745.665,67.7878,677.878,67.7878,949.029,542.302,271.151,338.939
112,11,949.029,610.09,135.576,542.302,135.576,474.514,677.878,203.363,406.727,203.363,677.878
113,14,67.7878,135.576,67.7878,67.7878,406.727,745.665,271.151,542.302,813.453,271.151,677.878,745.665,67.7878,745.665
114,7,67.7878,135.576,135.576,135.576,67.7878,271.151,813.453
115,17,745.665,949.029,271.151,610.09,949.029,813.453,67.7878,474.514,67.7878,949.029,203.363,135.576,2033.63,542.302,1355.76,1152.39,542.302
116,7,1152.39,271.151,1898.06,677.878,271.151,745.665,542.302
117,13,338.939,542.302,135.576,474.514,745.665,813.453,813.453,1355.76,1559.12,474.514,949.029,1220.18,338.939
118,12,67.7878,203.363,813.453,813.453,610.09,1355.76,1016.82,203.363,677.878,677.878,67.7878,610.09
119,13,67.7878,406.727,338.939,271.151,135.576,474.514,67.7878,135.576,203.363,1694.69,338.939,474.514,1152.39
120,11,1898.06,135.576,881.241,67.7878,881.241,474.514,67.7878,203.363,406.727,610.09,338.939
121,13,1152.39,338.939,677.878,203.363,745.665,745.665,135.576,406.727,406.727,610.09,406.727,1152.39,203.363
122,10,813.453,203.363,67.7878,474.514,135.576,542.302,1084.6,1016.82,135.576,813.453
123,14,677.878,67.7878,677.878,338.939,67.7878,949.029,67.7878,1423.54,1491.33,1084.6,203.363,271.151,271.151,677.878
124,15,610.09,881.241,881.241,677.878,881.241,135.576,406.727,745.665,67.7878,813.453,271.151,1016.82,881.241,542.302,406.727
125,12,271.151,271.151,542.302,474.514,1287.97,813.453,542.302,67.7878,1423.54,135.576,271.151,271.151
126,17,1491.33,203.363,1016.82,1016.82,203.363,271.151,67.7878,1152.39,1287.97,1084.6,203.363,338.939,67.7878,406.727,203.363,677.878,677.878
127,9,203.363,1152.39,338.939,67.7878,67.7878,474.514,745.665,813.453,67.7878
128,16,135.576,813.453,1016.82,271.151,1423.54,474.514,881.241,271.151,1152.39,1152.39,135.576,135.576,203.363,135.576,406.727,610.09
129,12,271.151,203.363,203.363,406.727,542.302,949.029,881.241,271.151,1559.12,1287.97,1220.18,813.453
130,16,610.09,610.09,474.514,135.576,949.029,1559.12,677.878,67.7878,474.514,610.09,203.363,745.665,203.363,271.151,745.665,67.7878
131,17,67.7878,67.7878,135.576,67.7878,677.878,135.576,881.241,1423.54,542.302,1220.18,1152.39,1084.6,1423.54,1355.76,1016.82,271.151,271.151
132,16,474.514,1830.27,1559.12,67.7878,745.665,67.7878,135.576,1152.39,67.7878,271.151,271.151,610.09,67.7878,406.727,610.09,203.363
133,9,135.576,271.151,203.363,745.665,745.665,1152.39,67.7878,610.09,338.939
134,20,67.7878,1694.69,406.727,474.514,67.7878,338.939,474.514,949.029,1423.54,1491.33,271.151,1355.76,677.878,745.665,67.7878,1287.97,135.576,135.576,610.09,1965.85
135,21,1694.69,1220.18,542.302,745.665,67.7878,203.363,135.576,1287.97,1152.39,203.363,271.151,542.302,135.576,1491.33,1694.69,1491.33,813.453,1559.12,135.576,271.151,1152.39
136,12,1491.33,1152.39,1694.69,271.151,677.878,813.453,67.7878,542.302,745.665,338.939,1016.82,1152.39
137,16,1423.54,338.939,338.939,67.7878,203.363,67.7878,406.727,1016.82,67.7878,813.453,203.363,1287.97,203.363,881.241,1559.12,67.7878
138,20,1084.6,67.7878,338.939,677.878,67.7878,338.939,406.727,203.363,135.576,67.7878,1152.39,67.7878,745.665,542.302,67.7878,338.939,135.576,677.878,271.151,271.151
139,18,542.302,474.514,203.363,203.363,1559.12,949.029,474.514,203.363,1016.82,745.665,1355.76,271.151,338.939,474.514,67.7878,406.727,271.151,1694.69
140,14,67.7878,271.151,271.151,677.878,67.7878,1355.76,67.7878,67.7878,745.665,406.727,1423.54,813.453,813.453,1491.33
141,18,474.514,67.7878,67.7878,745.665,949.029,1016.82,406.727,881.241,203.363,203.363,67.7878,203.363,67.7878,1084.6,745.665,1491.33,203.363,1287.97
142,11,406.727,67.7878,203.363,1084.6,610.09,1016.82,406.727,610.09,203.363,406.727,813.453
143,16,1016.82,813.453,745.665,813.453,406.727,67.7878,1084.6,1423.54,542.302,881.241,135.576,135.576,813.453,203.363,203.363,203.363
144,1,338.939
145,17,610.09,406.727,135.576,1559.12,67.7878,135.576,1626.91,542.302,67.7878,1016.82,203.363,474.514,203.363,67.7878,1626.91,949.029,542.302
146,11,67.7878,406.727,338.939,745.665,203.363,67.7878,813.453,271.151,542.302,745.665,135.576
147,12,67.7878,406.727,881.241,1220.18,67.7878,677.878,67.7878,338.939,677.878,610.09,203.363,745.665
148,20,203.363,67.7878,745.665,203.363,67.7878,813.453,542.302,1152.39,67.7878,677.878,677.878,271.151,2508.15,677.878,67.7878,271.151,406.727,1491.33,1084.6,474.514
149,9,406.727,203.363,745.665,338.939,203.363,271.151,1287.97,67.7878,1152.39
150,5,203.363,677.878,271.151,813.453,1016.82
151,14,542.302,67.7878,1355.76,949.029,1016.82,1491.33,135.576,271.151,271.151,67.7878,1220.18,610.09,1084.6,406.727
152,13,67.7878,1084.6,271.151,203.363,271.151,745.665,406.727,135.576,1559.12,271.151,271.151,542.302,949.029
153,9,203.363,881.241,67.7878,67.7878,338.939,1287.97,406.727,338.939,203.363
154,16,1491.33,813.453,474.514,1016.82,271.151,67.7878,271.151,474.514,2033.63,1152.39,67.7878,67.7878,67.7878,813.453,67.7878,67.7878
155,16,338.939,1287.97,949.029,1287.97,271.151,949.029,271.151,67.7878,474.514,135.576,881.241,474.514,135.576,271.151,610.09,1084.6
156,19,542.302,1762.48,67.7878,1355.76,406.727,203.363,677.878,610.09,1084.6,1355.76,474.514,1084.6,1491.33,203.363,135.576,474.514,271.151,1355.76,135.576
157,7,474.514,338.939,406.727,949.029,406.727,67.7878,610.09
158,6,203.363,1287.97,203.363,203.363,135.576,203.363
159,16,1152.39,745.665,610.09,406.727,406.727,67.7878,203.363,1152.39,135.576,745.665,474.514,610.09,474.514,677.878,1016.82,1965.85
160,14,67.7878,406.727,338.939,406.727,135.576,135.576,881.241,1152.39,542.302,271.151,271.151,1355.76,949.029,542.302
161,12,474.514,813.453,610.09,1559.12,67.7878,1084.6,1287.97,338.939,135.576,406.727,67.7878,610.09
162,12,1287.97,67.7878,67.7878,881.241,1084.6,1084.6,949.029,67.7878,203.363,949.029,542.302,1491.33
163,16,1152.39,813.453,949.029,813.453,203.363,1152.39,67.7878,203.363,1016.82,1694.69,1423.54,135.576,677.878,1898.06,610.09,338.939
164,10,67.7878,203.363,610.09,203.363,1152.39,677.878,135.576,542.302,1084.6,610.09
165,12,1559.12,135.576,542.302,1423.54,1287.97,67.7878,1016.82,1423.54,542.302,203.363,949.029,474.514
166,12,881.241,67.7878,1559.12,67.7878,203.363,1491.33,1016.82,1694.69,203.363,610.09,745.665,1152.39
167,7,406.727,67.7878,474.514,542.302,271.151,67.7878,474.514
168,21,813.453,271.151,271.151,203.363,677.878,745.665,67.7878,203.363,67.7878,745.665,1287.97,406.727,1694.69,1220.18,1084.6,949.029,474.514,1152.39,67.7878,203.363,135.576
169,11,67.7878,813.453,1491.33,271.151,271.151,406.727,745.665,338.939,949.029,338.939,881.241
170,17,338.939,271.151,406.727,474.514,1152.39,610.09,67.7878,745.665,1287.97,1287.97,135.576,745.665,677.878,1762.48,2237,338.939,67.7878
171,13,610.09,1355.76,1423.54,406.727,1694.69,1152.39,1626.91,135.576,67.7878,406.727,203.363,949.029,1559.12
172,7,677.878,677.878,677.878,610.09,67.7878,474.514,338.939
173,12,1287.97,203.363,1220.18,677.878,67.7878,813.453,474.514,542.302,135.576,67.7878,1762.48,203.363
174,20,135.576,338.939,1491.33,542.302,2982.66,67.7878,1016.82,338.939,135.576,135.576,135.576,1152.39,1152.39,338.939,406.727,949.029,677.878,1084.6,542.302,745.665
175,10,813.453,271.151,203.363,474.514,542.302,406.727,677.878,135.576,881.241,1016.82
176,13,881.241,542.302,67.7878,271.151,745.665,135.576,1016.82,1152.39,406.727,677.878,135.576,1220.18,745.665
177,16,1559.12,1287.97,1084.6,2372.57,474.514,135.576,542.302,67.7878,135.576,203.363,1355.76,338.939,271.151,135.576,338.939,542.302
178,13,135.576,67.7878,1762.48,813.453,271.151,745.665,474.514,542.302,745.665,135.576,406.727,203.363,610.09
179,14,813.453,135.576,474.514,1355.76,1559.12,1423.54,610.09,67.7878,949.029,135.576,271.151,813.453,406.727,67.7878
180,9,745.665,271.151,881.241,135.576,1355.76,1084.6,67.7878,745.665,67.7878
181,13,1152.39,135.576,406.727,949.029,67.7878,67.7878,1287.97,677.878,1287.97,881.241,1626.91,881.241,881.241
182,10,1016.82,474.514,677.878,67.7878,677.878,610.09,67.7878,203.363,881.241,1084.6
183,16,1016.82,135.576,67.7878,338.939,67.7878,406.727,135.576,474.514,1830.27,135.576,135.576,949.029,1559.12,1762.48,406.727,203.363
184,10,135.576,745.665,338.939,67.7878,135.576,474.514,745.665,271.151,406.727,203.363
185,11,203.363,1152.39,745.665,338.939,271.151,677.878,542.302,610.09,1355.76,474.514,1491.33
186,17,474.514,203.363,338.939,135.576,474.514,67.7878,1287.97,1287.97,1084.6,67.7878,67.7878,271.151,610.09,474.514,1287.97,949.029,745.665
187,17,949.029,271.151,1152.39,67.7878,67.7878,67.7878,1084.6,1152.39,67.7878,338.939,271.151,67.7878,203.363,610.09,1762.48,2033.63,135.576
188,6,67.7878,474.514,203.363,542.302,677.878,1016.82
189,11,474.514,677.878,67.7878,203.363,949.029,542.302,610.09,813.453,1016.82,338.939,542.302
190,11,135.576,1220.18,338.939,474.514,677.878,677.878,542.302,949.029,610.09,542.302,1355.76
191,13,67.7878,406.727,610.09,745.665,271.151,406.727,67.7878,1084.6,610.09,542.302,677.878,1287.97,67.7878
192,10,813.453,338.939,610.09,135.576,67.7878,406.727,745.665,67.7878,271.151,610.09
193,16,1491.33,338.939,474.514,406.727,881.241,2101.42,1830.27,203.363,677.878,271.151,338.939,1626.91,338.939,1152.39,135.576,67.7878
194,13,677.878,610.09,1287.97,474.514,203.363,203.363,542.302,677.878,203.363,949.029,881.241,542.302,610.09
195,12,881.241,542.302,135.576,542.302,542.302,745.665,271.151,271.151,745.665,677.878,338.939,610.09
196,16,813.453,67.7878,135.576,1423.54,813.453,610.09,338.939,67.7878,542.302,610.09,610.09,135.576,1016.82,135.576,745.665,338.939
197,10,271.151,677.878,203.363,1355.76,271.151,203.363,610.09,338.939,67.7878,67.7878
198,15,67.7878,542.302,1491.33,1355.76,542.302,745.665,677.878,1016.82,135.576,203.363,203.363,677.878,135.576,542.302,949.029
199,14,677.878,542.302,135.576,67.7878,677.878,67.7878,1016.82,474.514,813.453,1220.18,67.7878,677.878,745.665,949.029
200,11,271.151,203.363,542.302,135.576,745.665,745.665,135.576,949.029,271.151,135.576,949.029
201,14,949.029,135.576,1084.6,67.7878,813.453,677.878,677.878,67.7878,474.514,474.514,1491.33,881.241,1084.6,1016.82
202,2,271.151,1152.39
203,11,949.029,813.453,677.878,135.576,406.727,1152.39,1626.91,677.878,135.576,271.151,1355.76
204,14,542.302,610.09,745.665,1220.18,203.363,67.7878,1016.82,271.151,474.514,1220.18,745.665,677.878,203.363,542.302
205,13,745.665,1898.06,1626.91,135.576,677.878,135.576,813.453,135.576,135.576,338.939,271.151,610.09,1694.69
206,18,271.151,67.7878,677.878,203.363,338.939,1016.82,135.576,135.576,406.727,271.151,610.09,1694.69,406.727,406.727,542.302,610.09,203.363,271.151
207,14,203.363,271.151,1762.48,203.363,203.363,813.453,1084.6,1287.97,542.302,338.939,67.7878,203.363,949.029,67.7878
208,16,474.514,2372.57,135.576,1423.54,1152.39,1016.82,135.576,1423.54,338.939,406.727,271.151,2101.42,203.363,67.7878,1016.82,338.939
209,7,67.7878,474.514,1423.54,677.878,745.665,610.09,474.514
210,21,67.7878,203.363,203.363,1762.48,1559.12,474.514,203.363,1084.6,67.7878,1084.6,1084.6,135.576,949.029,2033.63,1084.6,542.302,1084.6,677.878,1220.18,135.576,67.7878
211,8,203.363,203.363,1016.82,203.363,745.665,406.727,1491.33,745.665
212,14,271.151,881.241,677.878,67.7878,1355.76,1152.39,474.514,135.576,745.665,610.09,406.727,610.09,1016.82,745.665
213,12,881.241,338.939,1220.18,271.151,542.302,338.939,677.878,67.7878,1152.39,67.7878,881.241,203.363
214,14,271.151,67.7878,135.576,949.029,67.7878,677.878,1152.39,338.939,1084.6,135.576,474.514,203.363,1423.54,67.7878
215,12,67.7878,610.09,203.363,203.363,271.151,271.151,135.576,406.727,813.453,949.029,677.878,1220.18
216,13,271.151,406.727,67.7878,406.727,1355.76,67.7878,271.151,271.151,1965.85,542.302,1898.06,271.151,1016.82
217,16,271.151,67.7878,542.302,135.576,610.09,1694.69,474.514,67.7878,1491.33,610.09,203.363,1220.18,203.363,542.302,1694.69,203.363
218,11,67.7878,542.302,135.576,474.514,881.241,542.302,67.7878,406.727,949.029,610.09,1152.39
219,8,406.727,406.727,135.576,474.514,813.453,677.878,338.939,677.878
220,28,67.7878,1084.6,1559.12,1016.82,1559.12,542.302,1898.06,271.151,677.878,67.7878,2508.15,542.302,1626.91,67.7878,2033.63,1152.39,1423.54,338.939,203.363,1220.18,1016.82,610.09,271.151,135.576,474.514,2101.42,338.939,542.302
221,10,474.514,135.576,542.302,203.363,474.514,1423.54,135.576,881.241,1016.82,406.727
222,24,813.453,135.576,203.363,67.7878,1423.54,1152.39,1152.39,1830.27,474.514,1423.54,67.7878,1423.54,271.151,949.029,135.576,67.7878,203.363,813.453,338.939,474.514,745.665,406.727,949.029,338.939
223,15,745.665,271.151,610.09,338.939,1016.82,271.151,203.363,949.029,1355.76,1152.39,813.453,338.939,271.151,67.7878,949.029
224,23,1152.39,1491.33,1694.69,338.939,135.576,1423.54,949.029,67.7878,1152.39,1287.97,1287.97,610.09,338.939,203.363,406.727,135.576,1355.76,406.727,271.151,271.151,2440.36,67.7878,406.727
225,10,406.727,677.878,135.576,135.576,2033.63,542.302,1152.39,813.453,745.665,271.151
226,12,1423.54,67.7878,881.241,677.878,203.363,406.727,67.7878,1084.6,406.727,745.665,677.878,1355.76
227,10,881.241,1152.39,1355.76,203.363,745.665,135.576,1423.54,135.576,1898.06,135.576
228,12,1152.39,813.453,203.363,67.7878,949.029,1152.39,474.514,271.151,1152.39,1220.18,610.09,745.665
229,11,135.576,338.939,745.665,406.727,1491.33,67.7878,135.576,677.878,474.514,67.7878,542.302
230,10,881.241,542.302,67.7878,135.576,406.727,406.727,949.029,745.665,271.151,474.514
231,6,271.151,610.09,203.363,474.514,67.7878,813.453
232,14,203.363,406.727,1287.97,271.151,135.576,67.7878,135.576,881.241,813.453,338.939,338.939,203.363,881.241,135.576
233,15,813.453,406.727,135.576,610.09,677.878,542.302,1152.39,338.939,271.151,67.7878,271.151,881.241,271.151,203.363,135.576
234,19,338.939,1694.69,203.363,1220.18,813.453,67.7878,474.514,813.453,1152.39,542.302,203.363,406.727,1559.12,474.514,677.878,745.665,2914.87,1491.33,474.514
235,12,271.151,203.363,203.363,203.363,203.363,1220.18,1626.91,67.7878,203.363,1152.39,881.241,542.302
236,15,67.7878,1152.39,1626.91,203.363,677.878,406.727,135.576,338.939,406.727,1016.82,1830.27,338.939,542.302,1220.18,67.7878
237,9,338.939,1016.82,474.514,203.363,338.939,203.363,338.939,203.363,406.727
238,19,271.151,406.727,338.939,610.09,610.09,271.151,135.576,203.363,271.151,1355.76,271.151,406.727,745.665,1355.76,67.7878,1152.39,949.029,881.241,1220.18
239,16,406.727,338.939,203.363,745.665,1016.82,1152.39,949.029,67.7878,338.939,135.576,745.665,203.363,745.665,203.363,1152.39,1220.18
240,23,135.576,67.7878,2508.15,1626.91,677.878,1355.76,1423.54,67.7878,1423.54,1084.6,1287.97,67.7878,813.453,271.151,1152.39,203.363,677.878,406.727,338.939,67.7878,135.576,542.302,67.7878
241,14,2169.21,677.878,1152.39,949.029,67.7878,338.939,2033.63,1084.6,67.7878,135.576,67.7878,338.939,949.029,271.151
242,11,67.7878,1287.97,474.514,677.878,949.029,1016.82,542.302,338.939,135.576,406.727,203.363
243,15,67.7878,67.7878,67.7878,1559.12,338.939,542.302,949.029,474.514,67.7878,474.514,67.7878,677.878,1762.48,338.939,677.878
244,12,610.09,135.576,813.453,203.363,67.7878,1287.97,813.453,1559.12,1491.33,135.576,610.09,881.241
245,13,203.363,67.7878,338.939,135.576,1491.33,1423.54,474.514,338.939,1287.97,949.029,67.7878,67.7878,67.7878
246,15,1016.82,813.453,406.727,1355.76,610.09,271.151,271.151,67.7878,406.727,135.576,67.7878,542.302,610.09,542.302,1220.18
247,11,67.7878,474.514,1287.97,1152.39,338.939,67.7878,542.302,949.029,135.576,542.302,203.363
248,14,1423.54,610.09,67.7878,67.7878,813.453,677.878,1220.18,203.363,271.151,67.7878,1084.6,2508.15,1287.97,406.727
249,8,67.7878,1016.82,203.363,67.7878,1084.6,474.514,1355.76,135.576
250,20,474.514,1694.69,67.7878,135.576,1016.82,271.151,1423.54,406.727,1559.12,203.363,2711.51,271.151,1084.6,474.514,1559.12,745.665,949.029,813.453,677.878,271.151
251,14,203.363,338.939,67.7878,271.151,406.727,271.151,271.151,67.7878,1084.6,406.727,1559.12,67.7878,1355.76,271.151
252,18,203.363,949.029,949.029,271.151,1559.12,677.878,1965.85,745.665,271.151,1084.6,610.09,610.09,542.302,1355.76,1016.82,406.727,610.09,1220.18
253,15,1220.18,271.151,610.09,1016.82,67.7878,406.727,67.7878,1491.33,271.151,1016.82,67.7878,203.363,474.514,610.09,610.09
254,18,745.665,135.576,203.363,135.576,1220.18,1287.97,1626.91,271.151,338.939,271.151,542.302,745.665,67.7878,1084.6,135.576,271.151,271.151,67.7878
255,14,67.7878,745.665,203.363,881.241,610.09,610.09,949.029,67.7878,271.151,1626.91,1084.6,406.727,677.878,67.7878
256,12,474.514,474.514,67.7878,406.727,135.576,406.727,949.029,1016.82,135.576,338.939,406.727,474.514
257,20,745.665,203.363,745.665,203.363,67.7878,67.7878,271.151,745.665,135.576,610.09,135.576,406.727,1491.33,542.302,1694.69,474.514,67.7878,949.029,271.151,338.939
258,12,1559.12,881.241,1491.33,813.453,542.302,271.151,135.576,610.09,338.939,67.7878,135.576,610.09
259,29,677.878,271.151,203.363,2508.15,813.453,1152.39,271.151,1287.97,135.576,474.514,67.7878,203.363,542.302,135.576,67.7878,1762.48,1016.82,338.939,1152.39,1559.12,1694.69,271.151,135.576,1152.39,1152.39,67.7878,677.878,67.7878,677.878
260,9,474.514,542.302,1694.69,542.302,745.665,406.727,271.151,1220.18,474.514
261,19,881.241,271.151,745.665,67.7878,1084.6,135.576,745.665,610.09,1016.82,2033.63,67.7878,677.878,67.7878,1287.97,1084.6,203.363,474.514,67.7878,271.151
262,15,135.576,1626.91,135.576,271.151,1491.33,813.453,203.363,542.302,474.514,813.453,1220.18,1016.82,1016.82,67.7878,203.363
263,12,1830.27,1016.82,745.665,881.241,135.576,1152.39,135.576,745.665,271.151,677.878,1084.6,135.576
264,11,677.878,67.7878,67.7878,1016.82,203.363,949.029,2237,135.576,1491.33,203.363,1152.39
265,11,67.7878,813.453,542.302,745.665,135.576,203.363,67.7878,1016.82,271.151,1152.39,135.576
266,12,271.151,474.514,677.878,949.029,135.576,406.727,610.09,135.576,338.939,677.878,67.7878,271.151
267,13,474.514,338.939,474.514,1287.97,203.363,203.363,135.576,338.939,949.029,67.7878,406.727,1694.69,677.878
268,14,610.09,1152.39,1152.39,338.939,1423.54,1287.97,67.7878,949.029,1152.39,1491.33,1084.6,271.151,203.363,203.363
269,14,1084.6,677.878,135.576,1152.39,474.514,677.878,67.7878,135.576,338.939,203.363,610.09,1016.82,67.7878,677.878
270,9,203.363,1084.6,271.151,745.665,203.363,1084.6,542.302,338.939,406.727
271,9,135.576,610.09,542.302,881.241,406.727,406.727,610.09,135.576,610.09
272,11,1084.6,677.878,474.514,203.363,745.665,203.363,135.576,135.576,67.7878,1152.39,135.576
273,19,67.7878,881.241,67.7878,745.665,67.7878,474.514,1559.12,1220.18,406.727,677.878,406.727,135.576,1016.82,1355.76,271.151,610.09,406.727,745.665,1016.82
274,3,474.514,135.576,745.665
275,11,677.878,135.576,406.727,1287.97,67.7878,474.514,474.514,406.727,271.151,406.727,610.09
276,16,474.514,881.241,406.727,610.09,135.576,135.576,610.09,1287.97,135.576,203.363,135.576,610.09,1423.54,745.665,1016.82,1084.6
277,11,67.7878,2237,542.302,474.514,67.7878,338.939,203.363,67.7878,677.878,542.302,1626.91
278,7,1016.82,271.151,610.09,474.514,67.7878,135.576,1491.33
279,13,677.878,610.09,1084.6,881.241,135.576,1694.69,67.7878,203.363,135.576,135.576,1084.6,271.151,67.7878
280,25,677.878,2304.78,135.576,745.665,135.576,1965.85,271.151,135.576,1694.69,135.576,745.665,338.939,135.576,203.363,1491.33,542.302,338.939,881.241,949.029,338.939,338.939,1220.18,203.363,338.939,1152.39
281,10,1830.27,406.727,677.878,677.878,135.576,67.7878,135.576,474.514,67.7878,610.09
282,15,881.241,338.939,745.665,1016.82,745.665,1423.54,474.514,338.939,1084.6,406.727,135.576,1559.12,135.576,949.029,610.09
283,6,203.363,135.576,1084.6,135.576,135.576,67.7878
284,17,135.576,271.151,1220.18,1084.6,542.302,135.576,677.878,813.453,1084.6,203.363,1355.76,610.09,949.029,1220.18,338.939,67.7878,135.576
285,13,135.576,1423.54,67.7878,745.665,203.363,271.151,203.363,203.363,1084.6,338.939,406.727,67.7878,949.029
286,11,474.514,610.09,949.029,745.665,677.878,67.7878,338.939,474.514,67.7878,677.878,338.939
287,13,135.576,677.878,610.09,67.7878,677.878,271.151,67.7878,67.7878,745.665,1694.69,1152.39,135.576,203.363
288,12,542.302,881.241,1491.33,1626.91,67.7878,1491.33,203.363,135.576,542.302,203.363,135.576,745.665
289,20,67.7878,203.363,67.7878,1084.6,677.878,203.363,1287.97,67.7878,745.665,271.151,67.7878,203.363,1355.76,67.7878,474.514,542.302,135.576,135.576,474.514,813.453
290,10,271.151,1152.39,1491.33,203.363,406.727,1287.97,67.7878,1152.39,135.576,1220.18
291,20,2711.51,67.7878,135.576,67.7878,1084.6,677.878,203.363,677.878,1491.33,813.453,474.514,610.09,1152.39,1220.18,1355.76,67.7878,203.363,67.7878,474.514,1423.54
292,9,610.09,1084.6,745.665,881.241,610.09,406.727,474.514,203.363,338.939
293,12,1016.82,474.514,542.302,1220.18,610.09,135.576,1423.54,1152.39,1355.76,338.939,610.09,1423.54
294,18,677.878,67.7878,338.939,949.029,1084.6,610.09,1559.12,2101.42,881.241,203.363,745.665,1287.97,338.939,677.878,1084.6,813.453,1220.18,1084.6
295,9,474.514,610.09,338.939,203.363,813.453,542.302,542.302,542.302,271.151
296,12,67.7878,1016.82,135.576,813.453,542.302,203.363,271.151,203.363,474.514,1220.18,677.878,271.151
297,10,542.302,1220.18,1491.33,67.7878,1016.82,949.029,338.939,203.363,474.514,813.453
298,24,271.151,135.576,67.7878,1491.33,406.727,474.514,745.665,1287.97,813.453,745.665,338.939,677.878,677.878,2508.15,203.363,338.939,67.7878,1355.76,2169.21,1084.6,949.029,203.363,67.7878,406.727
299,11,203.363,203.363,2643.72,1694.69,610.09,203.363,813.453,271.151,677.878,813.453,406.727
300,12,1965.85,406.727,474.514,949.029,406.727,135.576,1762.48,203.363,1016.82,474.514,406.727,2237
301,14,1220.18,203.363,203.363,271.151,949.029,542.302,881.241,203.363,67.7878,1016.82,67.7878,1355.76,1220.18,1423.54
302,16,67.7878,813.453,67.7878,1287.97,542.302,881.241,1491.33,542.302,135.576,135.576,1355.76,406.727,949.029,1355.76,1084.6,542.302
303,15,1220.18,474.514,203.363,203.363,1084.6,949.029,1152.39,1898.06,135.576,881.241,542.302,67.7878,1220.18,271.151,271.151
304,20,474.514,881.241,67.7878,1559.12,203.363,677.878,67.7878,542.302,2711.51,542.302,813.453,2643.72,67.7878,474.514,1559.12,881.241,1491.33,271.151,203.363,135.576
305,5,677.878,745.665,1694.69,1152.39,542.302
306,25,542.302,1084.6,271.151,135.576,135.576,338.939,406.727,813.453,203.363,135.576,1491.33,1898.06,1220.18,1016.82,1762.48,949.029,474.514,1491.33,135.576,1220.18,67.7878,1084.6,67.7878,203.363,1016.82
307,18,67.7878,203.363,67.7878,135.576,813.453,2033.63,1694.69,406.727,1016.82,542.302,1016.82,677.878,1220.18,135.576,203.363,610.09,135.576,474.514
308,8,474.514,67.7878,610.09,1694.69,1898.06,1084.6,474.514,1423.54
309,9,474.514,1016.82,271.151,1762.48,271.151,135.576,474.514,1287.97,406.727
310,9,271.151,67.7878,1355.76,271.151,745.665,677.878,67.7878,406.727,1152.39
311,14,813.453,203.363,406.727,1016.82,1084.6,474.514,67.7878,1287.97,474.514,1423.54,745.665,881.241,949.029,474.514
312,25,813.453,474.514,610.09,1694.69,203.363,1491.33,406.727,135.576,406.727,610.09,1084.6,2033.63,135.576,610.09,1084.6,2237,1084.6,203.363,135.576,1152.39,406.727,271.151,745.665,542.302,1287.97
313,17,1220.18,338.939,745.665,338.939,1287.97,1559.12,271.151,474.514,677.878,271.151,1830.27,338.939,474.514,610.09,881.241,1016.82,338.939
314,12,677.878,135.576,1626.91,1762.48,1287.97,474.514,135.576,203.363,1287.97,67.7878,203.363,338.939
315,8,745.665,67.7878,338.939,542.302,271.151,1016.82,135.576,542.302
316,17,474.514,67.7878,474.514,1084.6,677.878,135.576,1355.76,949.029,677.878,203.363,271.151,610.09,1084.6,67.7878,67.7878,271.151,67.7878
317,10,542.302,271.151,542.302,203.363,135.576,135.576,1152.39,677.878,677.878,474.514
318,9,135.576,610.09,203.363,406.727,949.029,135.576,271.151,406.727,1084.6
319,14,67.7878,610.09,745.665,203.363,1016.82,406.727,67.7878,1220.18,67.7878,1084.6,1355.76,677.878,135.576,1152.39
320,17,542.302,474.514,677.878,610.09,271.151,745.665,67.7878,135.576,338.939,542.302,67.7878,1016.82,1152.39,338.939,677.878,67.7878,1491.33
321,17,474.514,745.665,881.241,1898.06,677.878,67.7878,542.302,67.7878,542.302,1355.76,1694.69,1423.54,338.939,203.363,1152.39,1355.76,1423.54
322,8,745.665,406.727,135.576,271.151,745.665,677.878,1355.76,271.151
323,14,338.939,1016.82,338.939,67.7878,338.939,338.939,338.939,406.727,1220.18,135.576,67.7878,542.302,1152.39,67.7878
324,7,1084.6,610.09,135.576,203.363,67.7878,745.665,542.302
325,14,677.878,271.151,1423.54,271.151,135.576,1084.6,474.514,271.151,203.363,1287.97,135.576,610.09,1898.06,474.514
326,6,203.363,135.576,203.363,135.576,677.878,338.939
327,26,2847.09,1559.12,1830.27,67.7878,610.09,813.453,67.7878,813.453,610.09,271.151,271.151,2440.36,1898.06,542.302,338.939,542.302,1355.76,406.727,135.576,135.576,1220.18,271.151,610.09,1152.39,203.363,67.7878
328,11,135.576,474.514,1626.91,135.576,67.7878,1559.12,203.363,1220.18,542.302,338.939,338.939
329,18,135.576,406.727,1287.97,203.363,135.576,135.576,745.665,745.665,271.151,813.453,1491.33,1016.82,271.151,677.878,1220.18,1016.82,135.576,1084.6
330,15,67.7878,745.665,338.939,813.453,677.878,338.939,474.514,406.727,745.665,1559.12,1491.33,1152.39,1152.39,610.09,542.302
331,16,271.151,1694.69,1287.97,271.151,745.665,949.029,2914.87,745.665,1423.54,610.09,1898.06,338.939,203.363,203.363,203.363,1016.82
332,15,271.151,271.151,949.029,135.576,338.939,1220.18,67.7878,67.7878,881.241,610.09,745.665,338.939,67.7878,2169.21,677.878
333,9,271.151,1491.33,135.576,203.363,949.029,406.727,67.7878,610.09,203.363
334,14,881.241,135.576,406.727,542.302,338.939,67.7878,203.363,677.878,677.878,745.665,474.514,203.363,610.09,135.576
335,11,67.7878,542.302,135.576,813.453,610.09,135.576,610.09,677.878,677.878,542.302,474.514
336,14,745.665,406.727,677.878,67.7878,67.7878,1016.82,203.363,881.241,949.029,474.514,745.665,67.7878,949.029,67.7878
337,12,949.029,203.363,1491.33,67.7878,406.727,610.09,610.09,1084.6,271.151,1152.39,1152.39,338.939
338,9,67.7878,406.727,67.7878,271.151,406.727,406.727,338.939,474.514,271.151
339,20,338.939,542.302,203.363,67.7878,271.151,406.727,1355.76,338.939,677.878,1355.76,67.7878,949.029,406.727,203.363,1559.12,1084.6,406.727,1898.06,338.939,203.363
340,11,271.151,1016.82,135.576,1220.18,135.576,610.09,135.576,67.7878,474.514,203.363,338.939
341,15,67.7878,881.241,271.151,203.363,745.665,677.878,474.514,1084.6,813.453,474.514,203.363,1220.18,949.029,406.727,203.363
342,1,406.727
343,12,135.576,474.514,1287.97,67.7878,677.878,474.514,406.727,610.09,542.302,406.727,1016.82,949.029
344,10,135.576,1084.6,203.363,203.363,1220.18,949.029,67.7878,542.302,67.7878,135.576
345,11,813.453,67.7878,1287.97,338.939,1559.12,610.09,203.363,474.514,135.576,406.727,67.7878
346,15,271.151,745.665,135.576,610.09,67.7878,406.727,677.878,203.363,745.665,542.302,881.241,203.363,1016.82,67.7878,135.576
347,10,1152.39,1355.76,949.029,135.576,67.7878,67.7878,271.151,677.878,542.302,67.7878
348,11,677.878,135.576,135.576,203.363,203.363,949.029,542.302,406.727,610.09,1220.18,474.514
349,14,203.363,67.7878,1220.18,271.151,542.302,271.151,542.302,67.7878,610.09,203.363,67.7878,203.363,271.151,745.665
350,11,610.09,745.665,813.453,949.029,1762.48,338.939,271.151,203.363,271.151,1626.91,2575.94
351,10,67.7878,949.029,542.302,406.727,135.576,338.939,881.241,949.029,1559.12,542.302
352,15,203.363,474.514,610.09,1152.39,67.7878,745.665,1016.82,67.7878,610.09,1016.82,1084.6,1152.39,135.576,1084.6,474.514
353,12,677.878,949.029,745.665,203.363,745.665,1220.18,203.363,271.151,203.363,610.09,610.09,271.151
354,16,1084.6,949.029,1898.06,203.363,338.939,135.576,203.363,203.363,1084.6,1084.6,2101.42,677.878,813.453,203.363,745.665,67.7878
355,14,1491.33,1220.18,67.7878,1830.27,1220.18,338.939,271.151,2237,67.7878,203.363,135.576,474.514,406.727,135.576
356,18,474.514,745.665,2575.94,1898.06,1491.33,271.151,1152.39,881.241,542.302,406.727,338.939,881.241,406.727,949.029,1355.76,338.939,1084.6,610.09
357,15,203.363,542.302,949.029,271.151,610.09,406.727,67.7878,1016.82,1626.91,949.029,271.151,1016.82,67.7878,203.363,1016.82
358,16,745.665,135.576,67.7878,881.241,1220.18,677.878,135.576,406.727,610.09,677.878,203.363,135.576,203.363,135.576,677.878,1355.76
359,26,406.727,203.363,610.09,1084.6,271.151,1694.69,203.363,1220.18,271.151,1220.18,338.939,474.514,881.241,406.727,1355.76,1220.18,1152.39,135.576,1084.6,610.09,338.939,1423.54,1423.54,338.939,1220.18,271.151
360,8,1287.97,338.939,67.7878,677.878,1084.6,881.241,1016.82,67.7878
361,21,1220.18,1559.12,949.029,881.241,745.665,271.151,745.665,474.514,338.939,1016.82,203.363,1694.69,338.939,338.939,67.7878,949.029,271.151,135.576,1152.39,67.7878,135.576
362,12,1423.54,474.514,67.7878,745.665,474.514,1016.82,1694.69,474.514,1491.33,1220.18,1016.82,67.7878
363,11,677.878,813.453,67.7878,135.576,338.939,203.363,67.7878,1152.39,67.7878,67.7878,67.7878
364,13,135.576,1152.39,474.514,1084.6,135.576,949.029,1152.39,542.302,1152.39,67.7878,610.09,610.09,1423.54
365,17,474.514,1084.6,474.514,135.576,474.514,813.453,813.453,1287.97,745.665,338.939,135.576,474.514,67.7878,1423.54,67.7878,1016.82,271.151
366,14,67.7878,67.7878,677.878,1016.82,203.363,949.029,338.939,271.151,338.939,406.727,271.151,1491.33,745.665,1287.97
367,9,271.151,474.514,271.151,610.09,610.09,67.7878,406.727,542.302,542.302
368,26,135.576,2304.78,813.453,67.7878,1016.82,2237,135.576,203.363,881.241,542.302,271.151,1152.39,610.09,949.029,542.302,542.302,1152.39,542.302,406.727,1152.39,813.453,2237,406.727,677.878,1559.12,1287.97
369,5,203.363,406.727,338.939,542.302,271.151
370,16,271.151,67.7878,949.029,271.151,1220.18,610.09,338.939,949.029,271.151,135.576,1152.39,67.7878,474.514,474.514,542.302,1287.97
371,14,474.514,67.7878,474.514,745.665,406.727,203.363,610.09,949.029,745.665,881.241,271.151,135.576,610.09,745.665
372,16,1287.97,203.363,135.576,1152.39,1152.39,881.241,474.514,1220.18,271.151,406.727,67.7878,677.878,271.151,1016.82,949.029,271.151
373,12,271.151,1626.91,203.363,67.7878,542.302,949.029,813.453,203.363,881.241,406.727,1287.97,745.665
374,11,1152.39,2033.63,813.453,203.363,135.576,542.302,67.7878,67.7878,1152.39,67.7878,1355.76
375,12,677.878,67.7878,67.7878,474.514,203.363,203.363,813.453,610.09,271.151,271.151,67.7878,203.363
376,13,135.576,542.302,135.576,406.727,949.029,67.7878,67.7878,271.151,949.029,949.029,1220.18,271.151,1084.6
377,12,949.029,745.665,67.7878,1287.97,203.363,203.363,338.939,67.7878,881.241,67.7878,474.514,1626.91
378,33,949.029,271.151,745.665,135.576,1016.82,203.363,1287.97,949.029,203.363,813.453,542.302,135.576,542.302,67.7878,1152.39,542.302,813.453,135.576,338.939,745.665,1084.6,1626.91,406.727,135.576,1423.54,474.514,67.7878,203.363,203.363,474.514,135.576,745.665,1084.6
379,14,474.514,474.514,271.151,67.7878,542.302,135.576,677.878,271.151,1965.85,610.09,1152.39,1016.82,1491.33,1830.27
380,14,542.302,67.7878,677.878,677.878,67.7878,677.878,67.7878,203.363,135.576,745.665,271.151,338.939,135.576,1830.27
381,10,406.727,135.576,67.7878,949.029,203.363,949.029,677.878,406.727,474.514,610.09
382,18,813.453,67.7878,677.878,67.7878,542.302,1152.39,271.151,67.7878,338.939,1152.39,203.363,135.576,610.09,1287.97,67.7878,2575.94,135.576,542.302
383,16,203.363,542.302,610.09,677.878,1965.85,1694.69,1491.33,67.7878,1084.6,881.241,610.09,67.7878,271.151,610.09,338.939,474.514
384,15,203.363,610.09,338.939,338.939,745.665,745.665,67.7878,1559.12,745.665,271.151,677.878,677.878,1423.54,271.151,67.7878
385,11,813.453,1220.18,406.727,203.363,949.029,610.09,745.665,135.576,1220.18,813.453,338.939
